1 30
1 38
2 30
2 40
3 28
3 33
3 35
3 36
3 41
4 27
4 36
4 41
5 25
5 26
5 32
5 36
5 40
6 25
6 28
6 40
7 29
7 31
7 62
7 63
8 30
8 31
8 40
8 64
9 29
9 31
9 63
10 29
10 30
10 64
12 29
12 40
12 62
12 64
25 76
26 75
26 77
27 74
28 75
28 77
29 77
30 76
30 78
1 20
2 21
3 20
4 20
5 19
6 20
1 70
2 70
3 70
4 70
5 70
6 70
7 21
8 21
9 21
9 22
10 21
10 22
11 20
12 22
7 37
8 38
9 38
10 39
7 43
8 43
8 44
9 43
10 43
11 42
12 42
13 18
14 18
15 17
16 18
17 17
18 17
13 67
14 68
15 67
16 68
17 68
18 68
20 18
21 17
22 17
23 17
24 17
19 62
20 62
21 62
22 63
23 62
24 63
25 13
26 14
27 13
28 13
29 12
30 12
25 80
25 81
26 81
26 82
27 80
27 81
28 81
29 81
31 13
32 13
33 12
34 12
35 11
36 12
31 70
32 71
33 71
34 72
35 72
36 73
