4.5 7
13.5 97
13.5 98
13.5 102
13.5 103
14.5 96
14.5 97
14.5 101
14.5 102
15.5 92
15.5 97
15.5 101
15.5 102
17.5 92
17.5 95
17.5 99
17.5 100
26.5 70
27.5 70
29.5 71
30.5 77
32.5 74
33.5 75
34.5 76
35.5 80
0.5 52
1.5 53
2.5 53
3.5 53
4.5 53
5.5 53
0.5 10
1.5 10
2.5 9
3.5 9
3.5 10
4.5 9
5.5 9
6.5 56
7.5 57
9.5 57
10.5 57
11.5 57
12.5 8
13.5 8
13.5 9
14.5 7
14.5 8
15.5 8
16.5 7
17.5 7
12.5 62
13.5 62
13.5 63
14.5 62
15.5 63
16.5 63
17.5 63
17.5 64
18.5 8
19.5 8
20.5 8
21.5 8
22.5 7
23.5 7
18.5 66
19.5 67
20.5 67
23.5 68
18.5 83
19.5 84
19.5 85
21.5 84
22.5 84
24.5 5
25.5 5
26.5 4
27.5 4
27.5 5
28.5 4
29.5 4
24.5 73
25.5 73
25.5 74
26.5 73
27.5 74
28.5 74
29.5 75
30.5 5
31.5 5
32.5 4
33.5 4
34.5 3
35.5 4
31.5 78
32.5 78
33.5 79
34.5 79
