0.00336
0.75376
-0.72912
0.2968
0.1008
-0.15456
-0.04928
-0.25872
0.10976
0.22512
-0.2632
0.09072
-0.1064
-0.19376
0.31472
-0.10864
-0.1232
-0.28448
0.14672
0.31808
-0.3864
0.09072
-0.0224
0.75936
-0.4312
0.0224
-0.32256
-0.2352
-0.06048
-0.2464
0.15232
-0.17808
0.37968
-0.55888
0.10528
-0.30912
-0.23856
-0.06496
-0.16128
-0.15344
-0.24864
0.0616
-0.33712
-0.1848
-0.08624
0.29792
0.03808
0.04256
0.09072
0.08512
0.336
-0.252
-0.3696
-0.12992
-0.19488
-0.38416
-0.01456
0.31584
0.38304
-0.37632
-0.36736
-0.3248
0.38416
-0.45584
0.2184
-0.2072
0.04816
0.11872
-0.08176
-0.1624
-0.8512
0.32368
-0.7056
-0.52752
-0.03472
0.41104
-0.87808
0.01232
0.69664
0.20944
-0.60256
-0.3416
0.40432
-0.2464
0.36736
0.1792
-0.24976
-1.56912
0.26208
-0.18928
-0.44016
-0.16912
-0.21168
0.308
-0.10416
-0.028
0.76832
-0.14448
-0.37856
0.16128
0.07168
0.13216
-0.26432
0.0336
-0.31248
-0.0728
0.12992
0.30688
-0.1736
-0.6104
-1.0808
0.24864
0.2464
-0.336
0.61264
-0.17696
-0.49168
-0.28784
-0.11872
-0.33488
0.30688
-0.37856
-0.30576
-0.1176
-0.55776
0.364
-0.09296
-0.06496
0.2968
0.16128
0.12432
0.02912
0.13216
-0.44576
-0.0672
0.38192
-0.028
0.09296
-0.42448
-0.53424
-0.55104
0.16128
0.05936
0.17248
0.11312
-0.3304
0.68656
-0.47712
-0.23968
-0.09072
0.28896
-0.00672
-1.97344
0.60816
0.40096
0.2632
-0.14784
-0.86464
-0.36064
-0.19376
-1.03824
-0.30128
0.07616
-0.39088
-0.2688
0.10976
-0.42
0.1008
-0.09184
-0.10192
-0.55888
-1.71472
-0.72576
-0.21392
-0.38304
-0.65296
-0.5768
0.70448
-0.53424
-0.37072
0.06944
-0.12096
0.76832
0.06272
0.30576
-0.07168
0.04592
0.33264
0.34608
0.50288
-0.18704
-0.00112
0.05712
-0.52528
0.76832
0.01904
0.35504
-0.14112
0.08064
0.22736
0.27104
-0.80416
0.22736
0.0168
-0.07056
-0.0952
-0.31696
-0.2128
0.168
-0.31584
-0.24864
0.03696
-0.54096
0.54432
-0.252
-0.36288
0.01456
0.0112
-0.03584
-0.18592
-0.46144
0.09184
-0.04256
0.476
0.24752
-0.37856
-0.51744
-0.67984
0.38192
-0.49728
-0.09632
-0.14448
0.09184
-0.55888
-0.09632
-0.15568
0.04816
-0.15792
-0.13888
0.04032
-0.5768
-0.2576
-0.00336
-0.7392
0.49728
0.00448
-0.24864
0.8344
-0.0392
0.25984
0.07056
-0.42672
-0.39312
-0.2632
0.32144
-0.00784
0.02464
-0.21728
0.02688
0.14336
0.6272
0.01568
0.03024
0.48048
-0.1736
-0.06384
-0.37296
-0.17248
-0.11984
0.1456
-0.27552
-0.4256
0.1568
-0.75488
-0.0056
-0.21728
-0.14672
0.15568
0.31472
-0.1232
-0.48384
-1.40224
-0.17808
-0.58576
0.65184
-0.196
-0.28224
0.04816
0.50288
0.23072
0.58912
0.15344
-0.728
-0.45472
-0.30016
-0.308
0.29008
-0.49168
-0.12656
-0.61824
-1.05056
-0.42896
0.4088
-0.39312
-0.23408
-0.11984
-0.20496
-0.224
0.28896
-0.2352
-0.27888
0.58352
0.34608
-0.04928
-0.3584
-0.2576
0.83216
-0.05488
-0.18704
-0.04032
0.05488
-0.59024
-0.17808
-0.26544
0.36288
-0.20608
-0.06944
0.23072
0.028
-0.45136
0.05264
0.08064
0.27776
-0.48608
0.37968
0.32704
-0.03472
-0.12432
0.12768
-0.24864
0.08512
-0.09968
-0.31696
0.0056
0.37072
0.11984
0.99568
-0.38304
-0.40096
-0.56336
0.2968
-0.81648
0.29344
-0.31808
-1.2152
0.46928
0.04368
-0.6104
0.27888
-0.5992
-0.2128
-0.54096
-0.02688
0.65296
0.10864
-0.56448
-0.18816
-0.16016
0.26544
0.41888
0.25872
-0.04592
-0.4648
0.90496
-0.08736
0.75936
0.35056
-0.29008
-0.06608
-0.23296
0.21728
-0.056
0.2352
0.11088
0.01232
0.11424
-0.26992
0.27664
-0.07616
-0.392
-0.20496
0.04256
0.04816
0.0952
-0.15344
-0.43904
-0.33152
-0.84112
-0.41776
-0.03136
-1.62176
-0.12544
-0.00784
0.86688
-0.48048
0.26208
-1.23088
-0.12768
-0.19712
-0.03024
-0.0224
0.27216
0.12544
-0.11424
-0.03696
0.8344
-0.0952
0.30016
0.41328
0.06272
0.19488
-0.52864
-0.07168
0.05376
-0.3752
-0.35056
0.60144
-0.74816
0.5152
0.09744
-0.74256
0.49616
-0.15792
-0.26768
-0.50176
0.12992
0.32256
-0.50176
0.224
-0.15568
-0.05824
-0.70224
0.06496
0.14448
-0.36736
-0.07056
-0.2296
-0.2296
0.26432
0.5768
-0.03584
0.13328
0.5936
-0.35168
-0.95536
-0.30688
0.24416
-0.09632
-0.26432
-0.2184
0.04592
-0.6384
-0.14896
0.19712
0.06832
0.19936
-0.64736
0.28
-0.2744
0.11872
0.06048
-0.23408
-0.22064
-0.4312
-0.0168
0.44128
0.80192
0.01456
-0.14896
0.88704
-0.112
-0.39424
-1.79312
0.18032
-0.14896
-0.03584
-0.24416
-0.03248
-0.81424
-0.2296
0.61264
-0.42672
-0.44576
-0.24192
0.28112
0.04816
0.03584
-1.60608
0.2016
-0.12768
-0.92288
0.18704
0.01008
0.13552
-0.59024
-0.14
0.58688
-0.23968
0.05712
-0.37744
0.05264
0.23856
0.11536
0.8176
-0.0112
0.4872
-0.12432
-0.02688
0.16688
-0.14672
-0.04368
0.04816
-0.51184
-0.12656
0.2576
-0.07616
-0.38528
-0.504
-0.53984
0.53536
0.21952
0.91952
-0.1344
0.44464
-0.62272
0.88704
0.05936
-0.38304
-0.0168
0.39312
-0.168
0.1904
-0.64176
-0.09072
0.52528
-0.38528
-0.2128
-0.25648
0.4928
0.2128
0.2408
-0.14784
0.93072
0.05712
-1.44816
-0.52752
0.9072
-0.46256
-0.12656
-0.58912
0.58464
-0.36176
-0.15904
0.3528
0.1288
-0.0112
0.18928
-0.94304
-0.4648
-0.82432
-0.04256
-0.112
-0.5152
0.23632
0.02688
-0.12992
0.16352
-0.24752
-0.1008
1.0584
0.0336
0.59808
-0.05936
0.32256
-0.42112
0.94976
0.0784
-0.0112
0.5488
0.0504
0.29232
0.08848
-0.01344
-0.31584
-0.3808
-0.70112
-0.04368
-0.01344
0.16464
-0.41888
0.16352
-0.14224
0.19936
-0.26768
0.31248
-0.3192
-0.0056
0.06384
0.29456
-0.90496
-0.46704
0.336
-0.27664
0.0728
-0.02912
-0.67872
-0.34832
0.2856
-0.68208
0.27888
-0.23856
-0.06496
-0.34272
0.58464
-0.532
-1.06288
0.02912
-0.56336
0.24416
0.33824
-0.12656
-0.10304
0.70672
-0.28784
-0.13328
-0.17808
-0.6552
-0.04144
0.59696
0.92736
-0.04928
-0.44352
0.20272
-0.19152
-0.90048
-0.79968
0.76832
0.39088
-0.09296
-0.06944
-0.79408
0.01232
-0.19824
-0.4144
-0.10864
-0.01568
-0.19936
-0.13216
0.12432
-0.15008
-0.23632
-0.70224
0.00448
-0.0616
-0.26656
0.22512
-0.11648
-0.31584
-0.70672
-0.084
0.72576
0.13552
0.32816
0.09408
0.11984
-1.4784
-0.4424
-0.47264
0.89376
-0.67872
0.15232
-0.46144
-0.37072
-0.056
-0.336
-0.09968
-1.03488
0.31472
-0.08736
0.10864
-0.2352
0.028
0.1568
-0.196
-0.46144
0.21392
-0.14896
-0.15456
0.19936
-1.16144
0.40432
-0.0504
0.1064
-0.36848
0.02912
0.02688
0.27104
0.32368
0.2072
0.47824
-0.2072
0.13216
-0.6328
-1.08976
-0.38976
0.83216
0.15792
-1.17376
-0.42336
0.18368
0.85904
-0.41216
-0.5544
-0.15344
-0.3192
-0.22512
-0.25872
-0.24864
1.15584
-0.00784
-0.72688
-0.2912
0.39984
0.1288
-0.31136
-0.084
0.00224
-0.08848
-0.49728
0.504
0.252
0.53648
-0.16464
0.13328
-0.0112
-0.04928
-1.71808
-0.1792
-0.03696
0.56
0.15904
0.57568
0.0112
-0.14784
-0.42
-0.28224
-0.32144
-0.98672
-0.7168
0.14448
0.96096
0
-0.57008
0.23296
-0.62384
-0.68656
-0.46256
0.336
0.83104
0.01568
-0.5824
-0.06608
-0.25088
-0.37856
0.0896
-0.41216
0.15568
0.10976
0.55776
-0.42112
-1.25552
-0.16688
-0.3752
-0.31472
0.1848
0.056
0.36624
0.85568
0.09184
0.6664
0.0392
-3.02176
-0.16912
-0.756
-0.28112
-0.17696
0.88368
0.33152
-0.48496
0.0056
-0.41888
-0.308
-0.112
-0.54096
-0.28
0.1512
0.29008
-0.6664
-0.18816
-1.30144
0.2464
-0.14336
0.24192
-0.27888
0.38304
0.68432
0.05824
-0.10864
-0.27888
0.03696
-0.10976
-0.3696
-0.53536
-0.08288
-0.47936
0.29792
-0.1512
-0.17584
0.15904
0.83888
-0.11424
-0.5152
-0.03248
0.19152
-0.34048
0.58576
0.07056
-0.16464
0.66304
0.16016
-0.2912
-0.3304
-0.1232
-0.03248
-0.17584
-0.5376
-0.4368
-0.14672
-0.10304
-0.01344
0.13104
0.3752
0.38864
-0.08288
0.39424
-0.11088
-0.0504
0.70896
0.45584
0.07952
-0.19264
-0.11984
0.00672
-1.20064
0.06608
-0.02016
0.16576
-0.01344
-0.42672
-0.35504
0.02912
-0.24416
-0.18592
-0.36064
-0.37408
0.34608
-0.95872
-0.0056
0.0504
0.29456
0.11984
-0.13552
0.2464
-0.18816
0.25312
-1.16592
-0.1736
-0.2352
-0.30912
-0.19376
-0.05264
-1.83008
-0.4592
-0.2072
-0.10752
0.34608
-0.30464
-0.13216
-0.54992
0.47152
-0.3024
-0.52192
-0.23856
0.98896
0.00672
-0.21504
0.02128
-0.28784
-0.32032
0.82992
0.04592
-0.00448
0.60144
0.11872
0.4368
1.06176
-0.31696
0.32704
0.31696
-0.29568
0.0392
0.18256
-0.37856
-0.87248
0.69664
1.03824
0.27328
-0.24864
-0.22288
-0.1904
0.08512
-0.2632
-0.37632
0.32144
-0.1624
0.07504
-0.12656
-0.3192
-0.37296
-0.3304
-0.04256
-0.01344
0.23632
0.10528
-0.02912
-0.59024
0.33936
-0.09744
-0.0112
-0.00224
0.36848
-0.6384
-0.24192
0.0448
-0.35392
-0.51968
-0.14448
-0.504
-0.38976
-0.4088
0.3024
-0.20048
0.00448
0.14448
0.19488
0.41776
-0.24976
0.0168
0.15568
-0.38304
-0.0896
-0.25872
-0.06272
-0.31584
0.2744
0.37072
-0.1344
-0.93408
0.10528
0.34272
-0.27664
0.73696
-0.50064
-0.24864
0.06608
-0.13104
0.44912
0.16016
-0.0504
-0.82544
-0.12656
1.42352
-0.0168
-0.01344
-0.19376
-0.24528
0.22736
-0.4984
-0.46816
-0.2688
-0.12432
-0.196
-0.10864
-0.09184
-0.33376
-0.22624
-0.1344
-0.11424
0.24528
0.75488
0.2184
-0.08736
-1.5288
-0.51968
0.38416
-0.09744
0.084
0.45584
-0.04928
-0.0896
-0.3864
0.22736
0.40544
-0.12992
-0.09296
-0.32816
0.13664
-0.11872
-0.04816
0.07056
0.13552
-0.23408
-0.2744
0.11088
-0.16016
-0.33824
-0.03472
0.16688
0.48384
-0.14672
0.59248
-0.308
-0.5712
-0.17248
0.15232
-0.056
-0.00336
-0.20272
0.0056
-0.50288
-0.10752
0.01344
-0.028
0.66192
-0.18928
-0.55552
0.14672
0.08624
-0.14112
-0.01904
-0.2744
-0.41664
1.01472
0.18256
0.50064
-0.06832
0.01344
-0.1568
0.2408
0.34384
0.26768
-0.2744
0.19488
-0.53312
-0.13328
-0.02352
0.336
0.364
0.60032
0.36512
0.42336
-0.08736
-0.06384
0.336
0.16128
0.23408
0.5656
-0.01344
-0.39984
0.39536
-0.00784
-0.67648
-0.65632
-0.23184
-0.17472
0.37968
-0.3976
0.0616
-0.23072
0.30688
0.29456
-0.224
-0.05264
0.17136
0.26768
0.58016
0.22288
-0.13552
0.15904
-0.12992
-0.50736
-0.5432
-0.40992
0.16352
-0.00784
-0.0616
0.17808
-0.36176
-0.22512
-0.18032
0.3248
-0.2912
0.85456
0.3696
0.2576
0.06496
-0.16016
-0.64624
-0.29344
-0.2744
0.10976
0.29344
-0.0448
-0.38864
-0.21616
0.21392
-0.1344
-0.92624
0.1512
-0.28336
-0.32368
-0.42
-0.48608
0.05376
-0.14672
-0.18928
0.3136
0.07728
0.11536
-0.13776
-0.25424
0.07168
0.2632
-0.11312
0.15456
-0.22288
0.02912
-0.1736
0.30688
0.13328
-0.0448
0.12544
-1.3328
-0.30464
0.15568
0.4648
-0.51632
0.09968
0.09744
-0.23744
0.43008
-0.67088
-0.196
-0.7952
0.03808
-0.05152
-0.94752
-0.11872
-0.19376
0.05152
-0.336
-0.06384
-0.42672
0.05712
-0.50288
-0.27552
0.30352
-0.50512
-0.37632
1.35968
-0.37072
-0.11648
0.17808
-0.168
0.78176
-0.01008
-0.09184
0.08064
-0.7112
-0.78176
0.25312
0.2464
0.23744
0.252
0.0952
0.75376
-0.35392
-0.17024
0.43232
0.2408
-0.05824
0.22624
0.476
-0.00448
-0.20608
0.07952
-0.14336
0.11536
-0.05712
0.36848
0.1848
-0.03584
-1.3776
-0.53872
0.10528
0.28672
0.0448
0.10864
0.35168
1.00016
0.588
-0.31136
0.75936
0.03472
-0.0784
-0.69664
-0.24304
-0.38752
-0.32592
-0.20384
0.27328
-0.68656
0.38864
0.22624
-0.19712
-0.11536
0.09632
-0.06272
-0.10416
0.21728
-0.19936
-0.4984
0.27216
0.05824
-0.31584
0.0336
0.31472
0.0616
-0.2688
0.04592
-0.27552
0.10304
-0.12656
0.19376
-0.51744
0.00224
-0.95984
-0.2744
0.54208
0.2184
0.40544
0.37968
0.03136
0.10752
0.23856
-0.10416
-0.67872
0.08288
-0.74704
0.05488
-0.41664
0.23184
-0.39648
-0.05152
0.26656
-0.17136
-0.224
0.2912
0.31024
1.02816
-0.71904
0.6272
-0.34832
-0.15344
0.084
-0.06048
-0.14448
0.62832
-0.20272
-0.13776
0.74144
-0.24416
-0.08288
0.20608
0.24864
-0.47152
0.23296
0.18368
0.57456
-0.4592
-0.08624
0.14336
0
0.1792
0.20272
0.1512
-0.11424
-0.21728
-0.46256
0.14672
-0.23184
0.59808
0.4536
0.55216
0.18816
0.24528
-0.60928
-0.4032
0.11536
-0.028
-0.12432
0.17136
-0.2856
0.26432
-0.308
-0.70672
0.61824
0.11872
0.28336
-0.17696
0.31696
0.56448
0.27552
-0.13552
0.84896
0.13888
-0.14
-0.04928
-0.32032
0.19712
0.21616
-0.4592
-0.11984
0.08176
-0.43456
-0.252
-0.27664
0.08288
-0.08288
0.2688
-0.532
-0.3864
-0.10304
-0.08512
-0.10528
-0.23296
0.13104
0.3976
-0.41328
0.28336
0.73808
-0.8624
-0.11984
-0.17472
-0.18256
-0.06944
-0.01904
0.21504
-0.32144
0.3248
-0.11536
0.24416
-0.0952
0.2744
-0.1736
-0.42112
0.2576
0.14336
0.29568
-0.21392
-0.16688
-0.45696
0.06496
-0.74816
-0.20608
-0.10864
0.87584
0.12096
-0.38528
-0.10304
-0.27776
-0.1064
-0.70112
0.44688
-0.73696
-0.19936
0.63056
-0.3472
-0.20608
-0.02576
0.1008
-0.0448
-0.22624
0.17696
-0.37296
-0.30912
0.2184
-0.476
-0.46144
0.00336
-0.34944
-0.26768
0.24528
0.26768
0.0952
-0.28
0.09296
0.19824
0.07616
0.00112
0.07952
0.05264
0.00336
0.54544
-0.18592
-0.20384
-0.6048
0.2632
-0.04704
0.52752
-0.18704
-0.06832
0.2352
0.17024
-0.04704
-0.85568
-0.41888
0.12208
-0.62272
-0.29904
0.89376
-0.2632
-0.19376
-1.26224
0.02128
0.30576
-0.35056
0.97888
0.50512
0.05376
-0.1512
-0.29232
-0.36176
-0.24976
-0.05376
0.47264
-0.02576
-0.22624
-0.40656
-0.26768
0.64064
-0.28224
-0.07168
0.35168
-0.09632
0.27888
0.5208
0.17024
-0.4032
-0.51072
-0.21728
0.34944
0.19264
0.12768
0.46032
-0.0224
0.70896
0.04704
0.17696
-0.4312
-0.69552
-0.44128
-0.26096
-0.056
-0.20832
0.06496
-0.12656
-0.39088
0.67984
0.32368
