4 -0.42613
2 -0.55507
1 0.02011
0 0.29532
0 -0.54598
3 -0.21446
2 -0.29125
2 0.04444
4 -0.28986
3 -0.28363
2 0.15890
1 0.46665
4 1.15718
0 0.33660
3 0.12049
1 0.32279
1 -0.44901
4 0.08149
1 0.37452
1 1.88877
5 -0.10631
5 0.06353
5 1.13519
5 0.49982
0 0.14936
5 0.29136
0 -0.79603
5 0.00624
0 -0.16771
4 -0.38500
4 -0.67601
2 -0.16305
4 -0.19120
2 -0.60576
3 -0.07484
2 -0.40111
3 0.00388
1 1.05543
2 -0.63951
2 -0.34713
0 -0.32209
4 0.21319
2 -0.43618
0 -0.52092
3 -0.18388
0 -0.34676
2 -0.20061
0 -0.89220
3 0.19024
5 -0.13581
0 -0.57974
1 0.37138
2 0.05664
3 -0.08043
1 0.47560
5 -0.15342
5 0.30865
4 -0.51230
3 0.17996
5 -0.07903
2 0.37197
0 0.10684
1 0.34521
1 0.09654
1 -0.64243
2 -0.38507
5 -0.28474
2 -0.61340
2 -0.09562
1 -0.16881
3 -0.04627
5 -0.23219
3 -0.24285
3 -0.10357
4 -0.35558
4 -0.82669
2 -0.12675
2 -0.02033
5 0.33209
2 0.41927
2 -0.17402
2 0.24550
4 -0.46745
5 -0.37419
2 0.12660
2 0.13520
3 -0.73262
4 -0.27889
4 0.01245
3 0.13139
2 -0.80265
2 -0.06115
5 0.05641
3 0.38074
1 0.51643
4 -0.03087
4 -0.35364
3 0.25992
2 -0.61246
5 0.33198
5 0.91941
0 -0.27239
2 0.54990
5 1.24289
4 0.22766
1 0.26269
1 0.55153
2 -0.50390
5 -0.21006
0 -0.07335
4 0.29894
4 -0.19383
1 0.29108
5 0.17942
2 0.19420
1 -0.69460
0 -0.15336
5 -0.04368
3 0.17642
5 -0.11600
0 -0.23261
0 -0.13284
2 -0.43303
0 -0.41259
5 -0.16020
0 -0.08238
4 0.03548
1 0.80184
4 -0.02865
4 0.03770
5 -0.16110
5 0.03548
4 -0.16283
0 -0.35187
0 -0.13877
5 0.16021
1 -0.41008
0 -1.14059
3 -0.17689
4 -0.23532
2 -0.09660
5 0.15381
4 -0.32082
2 0.01026
2 -0.30396
1 0.21343
4 -0.20678
0 -0.71805
5 0.00792
2 -0.47533
1 -0.77036
1 0.28999
0 -0.38068
5 -0.08242
3 0.24973
2 -0.17562
4 -0.54802
2 -0.02870
2 -0.64154
0 -0.31432
0 -0.55592
5 0.08020
1 0.29576
0 -0.76767
0 -0.95898
1 0.15894
5 -0.13437
3 0.09468
3 -0.19342
4 0.32549
2 0.06075
3 0.05739
1 0.35712
0 -0.16482
0 -0.04288
0 -0.31642
4 -0.35897
1 0.51913
0 -0.05062
3 0.09661
4 1.13116
3 0.14532
3 -0.34042
4 -0.11535
3 -0.30617
0 -0.13155
1 -0.00136
1 0.23532
3 -0.17629
1 -2.37344
1 0.26374
1 0.00529
1 0.30368
5 -0.11543
0 0.33152
1 2.26736
0 0.00676
1 0.07897
1 0.10903
5 0.06342
2 -0.42656
4 -0.17956
4 -0.89962
0 -0.16103
5 -0.23576
1 0.00316
0 0.29527
3 -0.14783
4 -0.53952
3 0.07166
4 -0.15600
1 0.49226
3 0.26071
4 -0.50354
2 0.04431
0 -0.01078
0 -0.02251
5 -0.04488
4 -0.23458
0 -0.02691
4 -0.21323
1 -0.12874
4 -0.40154
4 -0.54131
5 0.08663
2 -0.69701
5 -0.00266
2 -0.12107
0 0.05951
3 0.19461
2 0.11894
1 0.66393
5 -1.25100
1 0.16807
2 -0.24773
2 -0.56374
0 -0.45519
4 -0.41304
0 0.07014
4 -0.19956
1 -0.21094
1 0.28668
5 -0.07077
3 -0.04175
5 -0.23834
3 0.05194
3 -0.39820
3 0.28701
1 0.01040
3 -0.34445
4 -0.50303
4 -0.42572
1 0.70524
5 -0.49464
0 -0.08135
2 0.24986
5 -0.26351
2 -0.76848
5 -0.13743
4 -0.18420
5 0.76887
4 -0.45705
0 -0.22661
5 0.07150
1 0.08141
3 0.43899
5 -0.09208
1 0.37079
4 -0.57002
2 -0.08641
4 -0.26027
5 0.27914
0 -0.39811
0 -0.16415
5 0.05114
4 -0.48807
0 -0.39359
3 0.02287
0 -0.65932
1 0.03883
5 0.14650
2 -0.71556
1 -0.21514
4 -0.24391
0 0.04847
5 -0.27691
4 0.66319
4 0.06773
0 -0.59889
1 0.51691
2 -0.57268
3 -0.07172
5 0.00188
0 -0.95679
3 -0.00736
1 -1.60240
0 -0.04940
1 0.16165
0 -0.27738
4 -0.19204
2 -0.51289
2 -0.43958
0 -0.23929
1 -0.77294
3 -0.23096
5 0.02629
4 -0.02832
3 0.02865
4 -0.82999
4 -0.01494
5 -0.16377
4 -0.43832
3 -0.08081
3 -0.04661
1 0.29499
1 -0.10459
0 0.23318
3 -0.53084
4 0.33361
2 -0.49212
5 -0.16385
5 -0.69989
5 -0.10201
4 -0.25677
1 0.38690
3 0.02204
0 -0.90547
5 -0.03778
1 -0.57838
2 -0.97287
3 0.31848
0 -0.18824
4 0.26812
1 0.02304
3 0.02993
5 -0.45490
5 -0.20930
4 0.01582
5 0.01252
1 0.13204
4 0.05399
1 0.11146
4 -0.25444
0 0.04922
3 0.34233
1 0.01805
0 -0.18652
4 0.21738
3 0.03623
2 0.35876
4 -0.27655
3 -0.28482
3 -0.03542
0 0.04385
1 0.60574
5 -0.01224
3 0.42413
0 -0.81803
2 -0.59590
1 0.34925
3 -0.30047
2 -0.43251
1 0.11347
4 -0.15606
0 1.00890
2 0.01483
4 -0.19418
1 -0.14679
5 -0.20513
4 0.07723
3 -0.05743
5 -0.22469
0 0.07426
4 -0.13207
5 -0.15170
0 -0.34229
5 0.29287
2 -0.14179
2 -0.44949
4 -0.07770
1 0.05601
1 -0.02649
0 0.92572
0 0.85519
5 -0.26762
1 -0.17520
0 -0.45050
3 -0.22229
0 0.09454
2 -0.35252
5 -0.45909
3 0.00461
5 -0.38907
5 -0.52449
1 -0.09799
0 -0.12450
2 -0.49934
0 -1.76024
0 -0.05255
2 -0.14754
2 -0.09948
2 -0.14413
0 0.17850
5 0.14963
3 -0.04266
3 0.43457
1 -0.29134
5 -0.74788
4 -0.31811
3 0.14788
1 0.08618
1 -0.06329
4 -0.32762
0 -0.07145
5 -0.40727
1 0.18685
5 -0.05699
1 -0.12415
2 -0.23316
3 -0.00259
5 -0.11997
3 0.26676
5 0.30593
3 0.29688
0 0.91066
2 -0.35983
1 0.55579
0 0.14658
2 -0.10606
5 0.62188
5 0.14878
2 -0.02518
5 0.30054
0 0.17823
1 -0.88989
4 0.13523
2 -0.33383
3 -0.13987
0 0.04342
5 -0.29445
4 -0.11950
3 0.00205
1 0.26487
2 0.02606
2 0.04118
5 -0.26776
3 -0.11941
1 0.19800
4 -0.74636
5 -0.17923
4 0.01582
0 -0.68648
2 -0.08981
1 -0.58990
4 0.01690
0 -0.14895
4 0.39610
4 -0.17356
2 -0.33219
3 -0.06739
0 0.14132
0 -0.37427
3 -0.00166
0 -0.98634
0 -0.62281
0 -0.35162
3 -0.44852
0 -0.28958
1 -0.64434
2 -0.06008
3 0.46128
1 0.64917
4 -0.15218
2 -0.04421
2 -0.53583
5 -0.50307
5 -0.11009
4 -0.21433
4 0.01734
2 -0.17695
3 0.04509
3 -0.22794
0 0.13048
1 0.47471
5 0.41226
2 -0.03246
0 -0.43388
0 0.40899
0 -0.47359
1 -0.11074
1 0.15684
4 0.10492
4 -0.39194
1 -0.03058
4 0.06142
4 -0.79489
2 -0.13219
5 -0.02128
1 0.42774
2 -0.44996
0 -0.63195
3 0.01669
4 -0.03975
4 -0.14800
3 0.26340
0 -0.41883
2 -0.12407
3 0.15053
1 0.13247
4 0.01705
3 -0.08169
0 -1.62602
2 -0.12758
1 0.51013
0 -0.73060
3 -0.11209
3 -0.31370
1 0.54114
0 -0.47918
4 -0.43824
1 0.57254
4 -0.25313
3 0.01172
2 -0.54912
0 0.16854
4 -0.20607
3 0.39830
3 -0.63208
0 -0.66016
4 -0.09723
2 -0.08280
0 0.16617
0 -0.24771
3 0.36450
1 -0.11384
2 -0.39846
1 0.42171
0 -0.35744
3 0.29364
0 -0.17674
3 -0.03216
2 -0.57068
0 -0.62562
1 0.02872
0 -0.92580
0 -0.09580
1 -0.06657
1 -0.61661
3 0.08171
1 -0.32637
5 -0.76015
4 -0.30718
0 0.01775
3 -0.09488
2 -0.51380
0 0.05656
5 -0.08308
3 -0.10240
5 -0.32789
1 0.47217
3 -0.13332
5 -0.23569
4 -0.83071
1 -0.04247
3 0.31285
0 -0.80960
1 0.63675
4 -0.05036
5 -0.34186
1 0.09921
5 0.29233
1 0.03326
1 -0.27614
4 -0.10884
3 -0.09795
3 -0.63860
5 -0.13888
1 0.21535
4 0.02591
0 -0.31350
5 -0.33576
0 0.07450
5 -0.14769
1 0.37103
0 0.03056
0 -0.80763
4 -0.22546
2 -0.04738
0 -0.14375
3 1.21924
1 0.63381
4 -0.24306
2 -0.11197
1 1.02406
4 0.10476
1 0.17135
1 0.47260
0 0.04932
5 -0.23782
2 -0.55424
2 -0.53785
3 0.12895
5 0.87138
0 0.38078
5 0.14584
2 -0.66611
2 -0.54800
0 -0.44407
4 -0.34859
0 -0.10622
3 -0.52176
5 0.21412
4 -0.24724
2 -0.62073
0 -0.10108
3 -0.12954
4 0.09289
1 0.22933
3 -0.16878
0 -0.51718
4 -0.00795
5 -0.63894
3 0.10603
4 -0.56499
2 -0.40718
2 -0.04779
2 -0.06165
4 0.91860
2 -1.20975
3 0.61954
2 -0.67149
4 -0.37710
5 -1.09372
0 0.42633
5 -0.07539
5 0.16293
4 -0.05066
5 -0.11572
4 0.03624
2 0.02712
1 0.54599
5 -0.44988
5 0.35793
3 0.21245
2 -0.57863
1 -0.71654
2 -0.24325
0 -0.24711
3 -0.04198
0 0.30991
4 -0.16488
5 -0.23153
5 0.40771
3 -0.16221
1 0.15051
5 -0.04801
1 -0.09365
0 0.72569
3 -0.45087
1 0.44615
4 -0.20162
2 -0.46077
5 0.03719
5 -0.22212
3 0.20412
1 0.43604
5 -0.08458
3 0.07311
2 0.21173
4 -0.08822
4 0.05119
1 0.27511
2 0.05443
5 -0.29793
4 -0.27349
1 -0.01480
4 0.56496
4 -0.13690
1 0.03648
4 -0.49865
3 -0.25859
3 -0.01417
5 0.21327
0 -0.04789
2 0.05673
2 -0.43591
5 -0.04931
3 0.03701
0 -0.20329
5 -0.62014
2 0.15449
0 -1.17640
5 0.09164
4 0.52754
5 -0.47897
1 0.10589
3 -0.30674
3 0.01524
0 -0.34277
0 0.17375
4 -0.29873
1 0.23174
1 0.26441
1 -0.01587
2 -0.02349
5 0.28917
1 -0.36007
1 0.41539
2 -0.31282
0 -0.49971
0 -0.82957
4 -0.16436
5 0.72257
2 -0.32710
2 0.00555
4 -0.27459
1 0.17071
2 0.55451
5 0.03488
4 -0.31849
0 -0.07740
2 -0.94822
5 0.81280
1 0.22862
1 0.29122
5 0.01620
5 -0.13931
5 0.31800
0 0.29780
5 -0.08683
3 0.16196
0 -1.12657
3 0.08567
4 0.02947
1 0.57236
4 -0.84574
1 0.67590
5 0.02053
3 0.20650
2 2.18203
5 -0.42714
3 0.12575
1 0.49948
3 0.29073
4 -0.39408
5 -0.01860
0 -0.48565
5 -0.22386
4 -0.37984
1 -0.10659
2 -0.10543
2 -0.74045
4 -0.17818
4 0.03262
1 0.13289
3 -0.32254
1 0.04153
1 -0.19170
4 0.26666
5 -0.02881
2 -0.29857
1 0.62153
1 0.00727
5 0.03268
3 0.18648
5 0.18018
0 -0.53705
2 -0.66930
4 -0.66043
2 -0.62142
4 -0.23118
4 -0.06060
0 -0.27413
1 1.52803
0 -0.03662
3 0.68922
4 -0.08388
2 -0.63436
4 0.34761
2 0.06905
1 0.21121
0 -0.98556
3 0.09254
3 -0.17269
5 -0.19690
4 0.65693
5 -0.30770
1 0.89025
1 -0.38826
0 -0.66116
3 -0.29621
5 -0.11520
0 0.10128
5 0.31427
0 -0.00219
5 -0.27176
2 -0.35373
3 -0.03415
0 -0.22245
5 -0.02832
3 0.21721
5 -0.07505
5 0.22400
4 -0.06350
5 -0.22268
3 0.68359
0 -1.52968
2 -0.25065
0 -0.46816
0 -0.60940
3 -0.32103
3 0.37074
4 -0.85988
1 -0.38116
0 -0.15827
3 0.00504
3 -0.22047
1 0.19610
4 -0.89350
5 0.00962
5 1.01925
1 0.45143
4 0.08156
3 -0.18729
5 -0.18094
2 -0.16300
2 0.23411
1 -0.28868
3 0.16636
1 0.52796
0 -0.63063
3 0.68705
0 0.03436
0 0.67408
5 -0.69432
4 -0.26953
2 -0.61756
2 0.23703
1 0.13870
0 -0.89392
2 -0.01300
1 0.21119
3 -0.21332
0 -0.86775
1 -0.01936
3 -0.00854
3 -0.34096
3 0.02156
5 -0.25959
3 -0.06868
0 -0.56643
5 -0.32589
2 -0.57057
1 0.99899
5 -0.18104
1 -0.05756
5 -0.29917
3 -0.11470
3 -0.21450
5 -0.18608
2 -0.04695
5 0.76455
3 -0.14781
0 -0.47014
2 -0.12375
5 -0.27634
5 0.27780
3 -0.31145
2 -0.59411
4 0.04688
1 0.09917
1 0.99050
2 -0.14270
4 0.29047
3 0.57529
0 -0.73327
5 0.45472
1 -0.38122
2 -0.21214
3 -0.01535
4 0.04595
3 -0.14073
0 -0.82933
0 -0.00285
2 0.51654
2 -0.20617
0 -0.23383
2 0.01023
1 -0.34875
5 -0.09937
0 -0.22884
5 0.41645
5 -0.52666
3 -0.22172
0 0.33962
5 0.26866
1 0.20704
3 -0.21588
2 -0.56515
2 0.03853
1 0.07815
3 -0.16076
1 0.96683
0 0.33067
3 -0.37714
0 -0.07916
0 -0.66077
3 -0.11020
0 -0.03106
5 0.05254
3 0.32856
0 0.37232
1 -0.24880
3 -0.47180
1 0.32932
4 -0.18527
2 0.18518
4 0.40365
1 0.38217
2 0.08911
1 -1.20769
2 -0.20229
5 -0.05077
4 -0.08586
4 -0.09238
2 -0.54323
3 -0.12851
0 -0.61718
0 0.38044
1 -1.60766
0 -0.22193
2 -2.13091
5 -0.09059
2 -0.28942
3 -0.27457
2 -0.09710
2 -0.59352
5 0.26774
0 -0.92202
1 -0.50204
4 -0.25387
1 -0.17961
3 0.03867
2 -0.34689
5 -0.43236
2 0.32642
5 -0.08215
3 -0.24900
0 -0.28433
2 -0.22099
0 -0.30014
0 -0.40014
2 0.17727
0 -0.10662
5 0.61135
1 0.15672
5 -0.28657
1 0.16641
4 -0.09210
4 0.04029
5 -0.56013
1 0.24616
5 0.13530
4 -0.43061
4 -0.36314
1 0.34886
3 -0.03723
1 -0.98333
3 -0.09593
3 -0.50968
2 -0.13527
1 0.13165
0 -0.43842
5 -0.38582
0 0.75545
4 -0.33401
5 0.40547
1 -0.76265
5 -0.26793
4 -0.48148
0 -0.88143
3 -0.23809
5 0.46989
2 -0.15250
0 -0.23352
0 0.10008
0 0.21771
3 -0.14973
0 -0.61750
2 0.40531
1 0.20190
2 -0.61039
1 -0.10835
4 -0.57731
4 -0.45801
3 -0.00267
0 -0.67355
4 -0.13542
2 0.05291
0 0.18588
0 0.18566
5 -1.19467
5 0.42892
2 0.19255
1 0.17049
2 -0.21495
0 -0.61632
2 -0.30561
1 -0.55553
2 -0.71028
0 -0.82981
3 0.37590
2 -0.41129
1 0.26652
1 0.22804
4 -0.35045
1 0.00484
2 -0.07779
3 -0.19080
2 1.58355
1 0.16054
5 -0.51658
4 -0.05601
2 -0.47418
1 -0.09173
0 -1.13011
0 -0.47452
2 -0.11306
3 -0.11472
0 -0.77214
2 -0.28016
5 -0.30791
3 -0.10799
0 0.45443
4 -0.14001
3 0.39943
1 0.21502
0 -0.70404
2 0.44860
4 0.11588
2 -1.03272
1 -0.74142
0 -0.69587
3 0.04193
5 -0.17836
2 0.08303
2 -0.56328
1 0.15468
2 -0.33453
5 -0.18873
5 0.22654
5 -0.28460
3 -0.08971
4 -0.50677
2 -0.19777
5 -0.15587
1 0.56555
4 -0.10102
2 -0.20441
2 -0.61128
5 -0.50994
0 -0.72404
5 -0.05963
1 0.56776
3 -0.08978
2 -0.50232
1 0.59772
1 0.47558
1 0.55251
3 0.00590
0 -0.19913
0 -0.13025
5 0.29563
1 0.12769
0 -0.28321
4 0.08046
1 -0.50279
0 -0.67603
0 -0.20255
1 0.32491
1 0.07256
4 -0.12056
2 -0.05479
2 -0.29992
0 -0.60939
0 -0.26930
2 0.20213
2 -0.35758
4 -0.26830
3 -0.03880
1 0.50388
4 -0.20453
5 -0.75672
2 -0.90123
2 -0.04775
0 -0.03193
5 0.05146
0 -0.28743
0 -0.24278
3 -0.10315
3 -0.00236
1 0.13533
3 -0.06261
3 0.19342
1 0.24842
3 0.27548
3 0.62194
3 -0.14007
1 -0.10467
2 0.14777
0 -0.17472
3 -0.05530
5 -0.78188
3 -0.30905
1 -1.21848
3 0.17915
0 -0.36877
4 0.37366
3 -0.12974
1 -0.13796
3 0.12585
1 -0.07455
3 -0.19533
5 0.86722
5 -0.28439
0 -0.49801
1 0.29851
3 -0.24935
1 0.36816
3 -0.13151
4 0.19661
4 -0.63796
1 0.08293
0 -0.29407
1 0.33318
4 -0.95565
5 -0.05469
4 0.04739
3 -0.04141
4 -0.09154
5 -0.37237
5 -0.13746
0 -0.39016
0 -1.23019
0 -0.33714
3 -0.20475
5 -0.21908
5 -0.91747
4 -0.61550
2 -0.93143
3 0.08921
0 0.56509
3 -0.02015
5 0.75438
0 -0.07179
0 -0.22118
5 -0.13406
5 -0.18111
2 -0.51068
4 -0.38777
1 0.20946
3 0.08603
3 0.17536
2 -0.84261
4 0.14240
0 -0.39401
2 -0.18441
3 -0.01051
5 -0.28482
0 -0.40079
1 0.41080
0 -0.03656
3 0.09517
5 -0.46136
2 -0.06875
4 -0.61404
0 -0.70845
4 -0.01099
5 0.11750
4 -0.45235
5 -0.29297
0 0.03265
0 -0.32736
5 0.01739
3 -0.16180
3 -0.30402
3 0.02331
3 0.01632
3 -0.40738
1 0.40168
2 -0.41077
3 0.17682
5 -0.26369
0 -0.74671
1 -0.00487
2 -0.60544
0 -0.06230
4 -0.20201
2 0.05622
4 0.00578
0 -0.04645
5 -0.90723
0 -0.24388
2 -0.63560
0 -0.57545
4 -0.16132
1 0.30913
4 -0.53301
2 -0.07266
3 -0.15555
1 -0.00276
4 -0.36568
5 0.06377
0 -0.42105
0 -0.40351
0 -0.84578
0 -0.03070
1 0.32226
2 0.58773
5 -0.23360
3 0.10909
3 -0.22144
1 0.03556
4 -0.14730
4 -0.46132
1 0.37834
0 -0.41496
0 2.53934
2 -0.56946
0 -1.25510
3 -0.10588
0 0.18587
3 0.10688
2 -0.03974
1 0.58096
3 -0.13677
2 -0.11257
1 0.03856
3 -0.12863
3 -0.04119
0 -0.37964
4 -0.18848
2 -0.06831
4 -0.58794
1 0.37803
3 -0.00141
4 -0.41926
3 0.12512
0 -0.76911
2 -0.47024
3 0.44898
4 -0.06677
4 0.07182
5 -0.01772
1 0.14662
3 0.47394
5 0.14842
5 0.10381
0 -0.16660
5 -0.51800
1 0.65970
2 -0.23445
4 0.17408
4 -0.43605
5 0.19709
0 -0.22278
0 -0.26717
4 -0.44914
3 -0.36245
1 0.29380
4 -0.18936
1 0.15025
1 0.25680
4 -0.03389
1 -0.00067
5 -0.13824
3 0.00943
2 -0.32163
5 0.18945
4 -0.13065
4 0.19818
5 0.88792
4 -0.01482
1 0.42096
0 -0.19484
1 -0.50485
4 0.00985
0 -0.38222
4 -0.23430
0 -0.35707
5 0.26405
1 0.24398
0 -0.24205
1 0.49061
3 -0.08520
0 0.52750
5 -0.20478
1 -0.22602
2 -1.35784
2 -0.12078
5 -0.30448
4 -0.09181
5 0.01535
4 -0.15940
1 0.23005
4 -0.13106
2 -0.63286
4 -0.38332
4 -0.84374
5 0.23323
4 -0.15952
0 -0.48642
0 -0.05093
4 -0.29396
0 0.26741
0 -0.60538
5 0.21172
0 -0.06330
1 0.02990
5 0.25364
3 0.00276
3 -0.06139
5 -0.14070
5 -0.25474
2 -0.43404
1 -0.12001
3 0.02447
4 -0.85049
1 0.33040
3 -0.29190
4 -0.21712
2 -0.23327
0 0.72022
0 -0.27283
0 -0.54407
3 -0.29798
3 -0.17126
2 -0.57911
0 0.09613
0 0.30991
0 -0.43659
5 -0.13216
1 0.44104
2 0.18929
0 -0.38369
4 -0.33778
4 -0.07840
2 -0.71389
5 -0.04790
0 -1.31798
4 -0.47493
2 -0.59092
3 -0.46198
5 0.55768
4 -0.15928
1 -0.44459
5 -0.13640
4 -0.52354
2 -0.50779
2 -0.21584
2 0.04681
0 0.42250
0 -0.32508
4 -0.18007
4 -0.40079
3 -0.01203
3 -0.15070
3 0.30399
2 -0.39278
5 -0.02622
2 -0.55437
3 -0.23922
0 -0.04549
4 -0.10761
0 -0.32958
0 0.04909
4 0.68752
0 0.13573
5 0.07864
0 -0.41536
1 0.25893
2 0.26665
3 -0.03575
3 -0.02822
4 -0.26393
0 -0.38933
0 1.20947
3 0.04534
2 -0.07811
2 -0.31702
0 0.74003
5 0.07280
3 0.13052
2 -0.81136
1 0.27152
2 -0.37099
1 -1.39235
2 -0.63292
1 -0.31836
4 -0.50676
0 -0.38921
5 0.61889
0 -0.00610
2 -0.67951
5 0.03602
4 -0.27685
1 0.48962
3 0.12272
3 0.42945
4 -0.11178
5 -0.30326
1 0.05088
3 -0.02145
1 1.44824
3 -0.27982
4 -0.86274
1 -0.07096
2 0.18051
5 -0.01989
2 -0.50406
3 0.08422
1 0.47749
4 -0.10594
3 -0.11058
1 0.22067
1 0.38779
5 -0.04927
1 0.44349
2 -0.67707
4 -0.45347
0 -0.34783
2 -0.38412
2 0.00406
0 0.09466
5 -0.20510
3 -0.44919
1 0.17370
4 -0.27496
1 0.03223
1 0.12085
2 -0.27018
3 0.06437
1 0.03940
1 -0.08483
2 0.27421
5 0.45471
4 -0.31725
3 -0.13120
5 0.31547
4 -0.27940
5 -0.08513
0 -0.15734
2 0.01261
1 0.41890
4 0.03223
1 -0.00827
1 0.57369
2 0.32978
3 -0.06775
1 0.15236
3 -0.41448
3 0.03142
0 -0.56544
5 -0.14648
3 -0.30274
5 -0.01206
4 -0.13337
1 0.16108
2 -0.16468
2 0.00932
2 0.01313
1 -0.02393
0 1.09931
1 0.38444
4 -0.37231
2 -0.59944
1 0.49530
4 -0.05052
0 -0.15113
2 -0.17416
4 -0.57356
3 0.40936
0 -0.12193
3 0.24424
1 0.57278
0 -0.36645
4 -0.11848
5 -0.34144
5 -0.33461
5 -0.33036
4 -0.04964
4 -0.57029
2 -0.21225
5 -0.18999
1 0.60053
2 0.23398
2 0.06062
1 -0.90727
5 -0.15238
3 -0.13725
3 0.01543
3 -0.42768
4 -0.11275
5 -0.56841
2 0.13996
2 -0.23519
4 -0.34582
5 0.13793
3 -0.03425
4 -0.47726
0 -0.15594
2 -0.17130
5 -0.08461
5 -0.33342
0 -0.48257
2 -0.60010
1 0.07510
5 0.95330
4 -0.38982
2 -0.26532
2 0.48360
5 1.37168
5 0.17406
1 -0.12571
1 0.59949
3 0.55245
0 -1.49271
2 -0.16484
4 -0.30676
5 -0.38652
1 0.68169
2 0.17881
5 -0.26047
5 0.46122
0 -0.36252
0 -0.64461
5 0.44480
4 0.36880
0 -0.40184
3 0.10180
1 0.38283
2 -0.23451
4 0.23712
1 -0.63471
1 -0.40918
5 -0.04647
3 0.09347
4 -0.06064
4 0.25375
3 -0.12522
3 0.09911
4 0.32787
1 -0.61960
1 -1.54040
1 0.39369
0 -0.67269
2 0.45648
1 1.63927
1 -0.03707
1 0.08266
3 -0.32338
1 0.48817
5 0.15166
0 0.46331
4 -0.84181
4 -0.11101
4 -0.03802
0 -0.31011
4 -0.78260
1 0.06799
3 -0.30888
5 0.66077
3 0.19686
1 0.08511
2 0.13939
0 -0.10642
3 -0.19598
1 0.03737
3 -0.77632
1 0.12747
2 0.27594
5 0.48801
1 0.50883
1 0.24891
1 -0.59128
3 -0.10620
4 0.01066
0 -0.71750
0 -0.32036
1 -0.24862
0 -0.79404
0 -0.13429
4 -0.42483
1 -0.06659
5 0.11364
0 -0.41581
1 0.00976
3 0.02930
4 -0.14844
5 0.01178
3 -0.11741
3 -0.02189
3 -0.16194
4 -0.72301
2 -0.10685
3 -0.12252
3 -0.22853
1 0.07381
4 -0.25770
1 0.05998
1 0.85779
1 0.52391
1 0.23346
2 -0.49018
0 -0.00251
3 -0.24509
5 0.44068
2 -1.19970
4 -0.80486
4 -0.95825
5 -0.10242
0 -0.01921
2 -0.05662
3 -0.20930
3 -0.12745
0 0.17947
2 -0.40344
5 0.06097
0 -0.61490
3 0.54440
4 -0.21005
1 0.44350
1 -0.28346
3 0.05204
1 -0.69240
4 -0.32832
4 -0.08955
4 -0.30433
3 -0.14702
3 -0.17747
5 0.29153
1 0.26683
2 -0.45399
5 -0.23230
1 0.49593
5 -0.25424
3 0.36398
0 -0.10899
4 -0.66512
1 -0.09977
2 0.14391
5 0.32659
1 0.64721
1 -0.17593
1 -0.03157
4 -0.17028
2 -0.07073
3 0.12197
3 -0.24880
0 -0.64978
0 -0.06604
0 -0.61992
5 -0.92690
4 0.33854
5 -0.43389
0 0.10434
2 0.17811
3 -0.23840
1 -0.03130
2 -0.53294
2 0.86058
0 0.11179
3 -0.00083
1 0.43078
0 -0.12587
5 0.97100
3 0.36376
4 -0.14803
4 -0.07873
4 -0.39065
2 -0.06654
4 0.15270
4 -0.16633
3 0.23082
0 -0.11582
4 -0.00928
2 -0.51345
1 0.32764
1 -0.27501
3 0.20511
1 0.09400
4 -0.16410
3 0.46260
2 -0.69021
0 -0.05513
0 0.07196
2 -0.64945
3 0.03450
2 -0.36708
4 1.05956
5 -0.40302
4 -0.40308
0 -0.19291
2 1.59292
0 -0.60975
5 -0.12410
0 -0.85077
1 -0.04260
2 -0.08531
4 -0.37302
0 0.57741
1 0.10610
0 -0.00415
1 0.46723
0 -0.05701
4 -0.39811
4 -0.01385
1 -0.04564
3 -0.05853
4 -0.16894
0 0.45466
0 -0.33501
5 -0.31303
4 -0.05930
4 0.10461
2 -0.18849
4 -0.30582
1 0.16218
3 0.10714
4 -0.03868
2 -0.06700
0 -0.06035
1 0.27479
5 -0.17325
4 -0.32293
3 0.45595
3 0.11648
1 0.12417
2 -0.26730
4 -0.45883
4 -0.04099
5 0.01446
3 -0.27208
3 0.36717
5 0.23667
3 -0.14562
4 -0.28236
5 0.64315
2 0.33245
3 0.18224
0 -0.78708
5 0.20107
2 -0.03567
0 0.02340
5 -0.21443
1 0.01198
4 -0.57611
2 -0.49700
1 -0.40360
3 0.17319
2 -0.63078
1 0.40506
3 -0.62413
2 -0.56617
3 -0.50410
5 0.04155
4 -0.55869
1 -0.10758
1 -0.25608
3 0.88764
5 -0.62691
4 -0.34565
0 0.26533
1 2.14466
4 0.21541
4 -0.24698
0 -0.19601
3 -0.50026
1 -1.25384
1 0.62190
0 -0.09504
3 -0.17771
3 -0.12284
2 -0.25896
5 -0.17667
2 0.07147
3 0.40802
4 -0.32922
1 0.35113
3 -0.25125
1 0.60818
4 -0.13888
2 0.05873
1 0.05385
4 -0.45283
4 0.25846
5 -0.84124
5 -0.24769
0 0.14480
4 -0.04376
2 -0.30755
1 0.04053
4 -0.28726
4 -0.29375
0 0.18105
3 0.21630
2 0.06601
4 0.05248
0 -0.71997
1 -0.39743
0 -0.22722
5 0.13702
4 0.10637
5 0.06936
0 -1.79719
1 0.51139
0 -0.26821
3 -0.23670
4 -0.07636
0 -0.05545
3 -0.06365
1 0.26998
4 -0.05110
4 -0.14266
0 -0.43466
2 -0.46772
2 -0.19892
1 0.19834
1 0.16911
3 0.18037
1 0.41088
0 -0.49700
1 0.42420
4 -0.10415
4 -0.50835
2 -0.40982
5 -0.21142
5 -0.19872
2 -0.16477
1 0.31109
3 -0.00179
5 -0.64636
4 -0.13246
2 -0.42544
2 0.02245
5 -0.05828
2 -0.41037
0 -0.52432
4 0.01461
1 0.71755
5 -0.39224
4 -0.21476
1 -0.26518
4 0.07707
5 -0.02692
4 0.33460
3 -0.09256
4 -0.41793
3 0.07319
0 -0.18083
1 0.19708
5 0.13579
5 -0.20859
1 0.32486
2 0.00159
4 -0.32306
2 -0.10625
5 -0.67897
1 -0.29044
4 -0.30462
0 0.06288
4 -0.28688
2 -0.81024
2 0.18657
5 0.13572
0 -1.00415
4 -0.14616
4 -0.51097
1 0.19925
5 0.13508
2 -0.31924
4 -0.18796
5 -0.12645
3 0.02064
5 -0.45581
5 -0.18804
3 -0.19950
0 -0.92479
4 -0.08939
1 0.20569
1 0.42399
0 -0.32055
2 -0.30867
4 0.46415
5 -0.51145
3 0.09664
1 0.13762
4 -1.10316
0 -0.52391
3 -0.11735
5 -0.12938
2 -0.49859
2 -0.17530
1 0.10631
4 -0.30639
3 0.49932
4 -0.19616
1 -0.00921
5 -0.20299
2 -0.54126
4 -0.31822
2 0.44079
3 0.25898
1 0.51308
0 -0.27527
2 -0.60460
3 0.36047
3 -0.08283
3 -0.05831
3 0.23940
5 0.32909
0 -0.35032
3 0.23249
3 -0.27124
5 -0.05898
4 -0.25496
5 0.06236
4 -0.31024
0 -1.43443
5 -0.07685
4 -0.31661
3 -0.14174
0 0.63760
3 -0.23909
1 0.46190
1 -0.06382
2 -0.49284
3 -0.12977
2 -0.35695
0 -0.63775
5 0.88400
3 -0.18382
1 -0.19204
1 -0.13574
1 0.75365
5 -0.59653
1 0.49200
2 -0.39900
5 0.27520
4 -0.11155
1 0.61531
1 0.03191
1 -0.78401
1 -0.79614
4 -0.13874
1 0.37079
4 0.22185
0 0.47149
3 -0.29899
4 -0.46094
5 0.09528
1 0.13858
1 -0.12713
0 -0.38967
2 -0.44372
1 -0.05356
5 -0.02647
4 0.44928
5 -0.28377
2 -0.54225
5 -0.50396
4 -0.24484
0 -0.46967
0 -0.60115
0 0.32568
0 0.02223
3 -0.08963
4 -0.29779
5 0.28809
1 -0.44766
5 -0.49758
0 -0.06834
1 -0.34097
5 -0.09339
5 -0.15174
0 -0.96063
5 0.62637
5 -0.45157
2 -0.34451
4 0.04838
1 0.15330
4 -0.36979
5 0.03794
4 -1.17820
4 0.24232
5 -0.09571
3 -0.01236
2 -0.24550
4 -1.46077
1 0.40926
2 -0.22410
0 -0.07919
4 -0.25806
4 -0.19022
4 -0.38354
3 0.09281
4 0.14822
1 0.09592
0 0.09202
5 -0.20880
4 -0.10579
0 -0.14571
1 -0.23235
0 -0.38604
1 -0.69974
5 -0.12253
2 -0.05334
1 0.12757
4 -0.79490
0 0.13863
4 0.29867
2 -0.24658
3 -0.04403
3 -0.07866
2 -0.31369
5 0.06972
4 -0.46255
1 -0.06194
0 -0.65246
3 -0.26391
5 -0.53418
2 -0.86404
5 0.68306
2 -0.26327
4 -0.37691
0 0.15948
1 -0.22786
0 -0.02799
5 0.74650
3 0.16497
1 0.20772
1 0.26945
1 0.24517
3 0.07183
1 0.27111
4 -0.85213
1 -0.06383
0 -0.48335
3 -0.08053
1 0.10985
2 -0.12097
5 -0.03030
0 -0.06052
5 -0.23475
2 0.41823
5 -0.02111
1 -0.06474
1 0.28269
2 -0.42075
5 0.26768
5 -0.28360
5 0.11295
4 -0.07384
4 -0.10589
5 0.06262
5 -0.23755
5 0.16249
5 -0.06799
1 0.00704
1 0.41900
5 0.23028
0 -0.23889
5 -0.52019
2 -0.81320
5 0.56562
5 -0.20853
0 -0.38270
4 0.22055
4 0.48305
3 -0.01950
1 -0.19534
3 -0.42029
4 -0.05127
5 -0.30862
5 0.03923
2 -0.23695
5 0.75622
5 0.24782
5 0.06487
4 -0.20915
4 -0.04827
0 -0.28963
2 -0.43416
5 -0.32174
3 -0.00577
4 -0.14993
1 0.29784
3 -0.22303
4 -0.06054
1 0.10790
3 0.28135
2 0.20323
2 -0.08420
1 0.17091
2 -0.59895
3 0.08318
1 0.34088
4 0.36827
2 -0.26494
5 -0.06511
3 -0.20259
4 -0.14002
5 -0.07079
0 -0.35699
4 -0.21821
0 -0.00178
4 -0.32155
5 0.11638
4 -0.17838
1 0.54088
1 0.44288
5 0.12836
5 -0.40310
1 0.19958
1 0.99290
0 -0.09522
0 -1.38890
4 0.37653
4 -0.26959
0 -0.51263
0 -0.74746
0 -0.08238
5 -0.14975
1 0.51997
3 0.06268
4 -0.02011
5 0.16837
4 -0.26324
5 -0.22978
3 -0.21445
1 0.36149
4 0.59312
3 0.37331
5 -0.02829
3 -1.65632
0 -0.68014
5 -0.00413
2 -0.29368
3 -0.16464
0 -0.71450
0 -1.13429
1 -0.49302
0 -1.08633
3 -0.21718
2 -0.35287
3 -0.00464
4 -0.19233
2 -0.32598
3 -0.23902
4 -0.58793
3 -0.19992
4 -0.61256
1 0.18380
1 0.48326
1 -0.57504
1 -1.34647
2 0.00306
2 -0.15812
1 -0.71158
3 -0.18069
4 0.05687
5 0.16442
4 -0.24979
3 -0.01043
0 -0.06855
4 0.83508
0 0.20955
3 0.72736
2 -0.56974
4 1.00703
4 -0.17814
2 -0.16299
4 -0.36854
5 0.09946
2 -0.31475
0 0.48688
3 -0.25715
4 -0.67225
5 0.13851
3 -0.39207
1 0.43296
4 -0.33059
4 -1.59085
5 -0.73603
4 -0.17168
4 -0.72752
1 0.38737
0 -0.97302
1 0.09804
5 -0.05907
3 -0.28096
2 0.60170
5 -0.10587
5 0.05703
0 -0.83775
0 0.27967
0 -0.18041
3 -0.22490
1 0.15652
1 -0.20255
4 -0.11057
1 0.01109
3 -0.20840
5 0.40733
5 -0.00623
2 -0.13638
0 -0.42060
4 -0.58669
2 -0.47420
1 0.00372
3 0.09047
2 -0.81511
1 0.76068
4 -0.06483
0 -0.19403
3 -0.15216
4 0.03301
5 0.40502
1 0.10934
0 -0.29835
5 -0.02794
5 -0.37732
0 -0.79121
3 -0.12374
0 0.13397
1 0.16647
1 -0.00092
2 -0.46978
5 -0.23151
2 0.09303
0 -0.05447
0 0.66664
3 0.04512
0 0.27386
2 -0.31231
4 0.17018
3 0.18560
4 0.11705
1 0.01814
4 -0.16512
0 -0.26071
4 -0.17427
4 -0.19266
3 0.02916
3 -0.00966
0 -0.04058
4 -0.03145
1 0.29950
0 0.45441
5 -0.81328
4 -0.32387
0 -0.59883
2 -0.19179
2 -0.43684
0 -0.40307
2 -0.35968
4 -0.46041
1 0.03898
0 -0.29816
5 -0.24132
2 -0.11408
1 0.41044
4 -0.79649
0 -0.29940
5 -0.42382
5 -0.62078
0 -0.23491
5 -0.09911
0 -0.40127
2 -0.00718
0 -0.43879
3 -0.40299
5 -0.81419
0 -0.16092
4 -0.17814
4 0.17593
1 -0.00968
2 -0.18511
5 -0.33528
4 -0.93201
0 -0.10190
3 0.15017
2 -0.22256
4 -0.15175
4 -0.05037
4 -0.18167
4 -0.23516
0 -1.03447
1 0.39772
0 -0.02152
1 0.24903
3 -0.40114
2 0.32104
5 0.01417
4 0.40258
2 -0.62964
1 -0.03172
3 0.33430
5 -0.00473
2 -0.13731
0 0.06136
0 -0.19639
0 -0.03141
5 0.15976
3 -0.18531
1 0.06251
1 0.45467
1 0.24240
3 -0.52170
5 -0.51255
0 -1.18483
5 -0.39794
4 0.33938
0 -0.29833
1 0.06517
2 -0.83163
1 -0.34968
1 0.36857
1 0.07147
5 -0.05975
0 -0.43141
3 -0.38851
1 0.53755
2 -0.13570
4 0.09985
3 -0.02309
3 -0.36322
2 -0.41306
3 -0.17742
2 -0.44443
3 -0.03605
2 -0.15658
4 0.02475
4 0.13090
4 0.46268
3 -0.22438
4 -0.34645
0 -0.64214
5 0.38019
3 -0.14340
3 0.28599
4 -0.12498
5 0.20015
2 -0.50361
2 -0.71580
5 -0.56710
1 0.30592
3 -0.26701
0 0.36437
3 0.02112
0 -0.10823
0 -1.12512
0 -0.44062
0 0.00349
2 -0.64909
0 -0.07177
0 0.18104
1 0.21470
0 -0.21360
3 0.08733
3 0.22865
1 -0.18680
2 -0.11124
2 -0.17642
4 -0.17555
0 0.28913
0 0.39278
2 -0.09885
0 -0.31751
3 -0.08849
5 -0.00062
1 -0.15404
4 -0.27798
3 0.05415
1 -0.60339
3 0.36517
5 -0.21077
4 -0.07867
0 -0.73766
4 -1.13982
0 0.27796
4 -0.43441
2 -0.42637
4 -0.44281
1 0.31100
3 -0.28453
3 0.34780
5 0.43909
0 0.15396
0 -0.26762
0 -0.89664
4 0.11386
5 0.15144
4 -0.21852
4 -0.39577
4 -0.33332
4 -0.35284
5 0.13152
3 0.24648
2 -0.20386
5 -0.07112
1 0.16944
3 -0.10919
3 -0.19450
3 -0.11063
3 -0.04245
1 0.18595
0 -0.16979
5 0.17170
1 -0.14230
1 0.10469
4 -0.26510
1 -0.18110
4 0.10029
5 -0.49530
1 0.13053
1 0.74214
5 -0.00311
1 -0.37988
1 0.35764
4 0.43621
3 -0.25104
2 0.08406
3 -0.46243
1 0.38211
0 -0.63090
4 -0.27450
0 0.04728
1 0.02345
3 -0.30372
0 -0.14643
3 -0.60579
1 0.48118
4 -0.13070
3 -0.07837
0 -0.33133
3 0.35727
2 0.05831
2 -0.10711
4 0.47613
2 -0.43043
5 -0.48468
0 0.03843
0 0.29930
3 -0.35845
4 -0.73539
0 -0.01663
4 -0.25981
1 0.67205
1 -0.05835
0 0.20257
0 -1.45374
3 -0.02947
0 -0.59666
0 -0.12149
4 -0.81896
1 0.12094
2 0.13171
0 -0.15991
1 0.16605
1 -0.34744
1 0.46208
3 0.07235
2 -0.06370
2 -0.20040
3 -0.31287
3 0.12918
0 -0.36842
4 -0.02243
1 0.69455
3 0.06436
2 -0.22191
5 0.20764
4 -0.31537
2 -0.09988
0 -1.35206
4 -0.88689
1 0.63021
2 -0.82547
2 -0.24345
5 -0.32721
0 -0.43408
0 -0.01232
2 -0.44926
3 -0.16936
2 -0.13097
1 0.90484
2 0.42564
1 0.23525
5 0.35859
2 0.24263
1 0.34419
1 0.60243
5 0.17435
4 0.16917
0 -0.34824
4 -0.03147
1 0.72270
5 0.35406
5 -0.26038
0 -0.45130
0 -0.41613
4 -0.01299
5 -0.29605
5 -0.13307
0 -0.51437
0 -0.23061
0 -0.01289
0 0.13384
1 -0.38645
2 -0.62287
3 0.12354
5 0.30393
0 -0.81145
0 -0.53102
5 0.22106
4 -0.02557
3 -0.02367
0 -0.48569
4 0.00316
1 0.46200
2 -0.68599
0 -0.16067
0 -0.50294
3 -0.38331
3 0.36676
2 -0.43842
1 0.16648
3 -0.04756
1 -1.24386
1 -0.25592
2 -0.32332
3 -0.08640
2 -0.80652
4 0.56302
1 0.85611
5 0.56412
2 -0.52353
5 0.46588
4 0.27722
0 -0.44371
3 0.71289
5 -0.25358
5 -0.17574
4 0.04288
0 -1.18623
1 -0.99216
5 -0.16637
5 -0.70476
5 0.45369
1 -0.04104
1 0.16712
1 -0.08920
0 0.01277
0 -0.03493
5 0.19010
0 -0.50038
0 -0.06486
1 0.41566
2 -0.33797
1 0.06479
4 -0.05739
4 -0.43829
4 0.02594
0 0.22413
3 0.45117
2 -0.44244
0 -0.75750
4 -0.69128
0 -0.42570
4 0.15745
0 -0.20389
0 0.05903
4 -0.44722
0 -0.25870
1 0.28207
1 -0.32935
0 -0.22168
5 0.11370
1 -0.46271
4 -0.16428
4 0.73153
1 0.27229
3 -0.22978
5 -0.29139
4 -0.32463
3 0.05105
1 0.44602
1 0.15602
0 -0.14519
2 0.09007
1 0.22172
3 -0.07348
5 0.55079
2 0.53696
1 0.29900
4 -0.22056
1 0.14037
1 -0.09260
0 0.57544
0 -0.52112
1 -0.16239
1 0.42387
1 0.53739
4 0.15494
0 -0.08781
4 -0.34293
0 -0.52957
0 -0.64533
1 -1.51155
1 -0.12276
3 -0.25938
1 0.01744
5 -1.07017
4 -0.40549
4 -0.08428
5 -0.04606
5 -0.10131
5 -0.29875
4 -0.21204
3 -0.19586
0 -3.01146
0 -0.69165
2 -0.52690
3 0.07319
3 -0.41777
3 -0.14557
1 -0.60785
4 -0.26448
2 0.38666
2 -0.39131
5 -0.16379
3 -0.02534
2 -0.03754
5 -0.31071
5 -0.42087
3 0.12578
2 -0.67152
5 -0.25337
0 -1.12417
2 -0.38008
1 0.01491
5 0.43609
1 0.00917
4 -0.79562
4 -0.49379
3 -0.29334
3 0.18631
3 -0.02711
0 -0.18219
0 -0.07996
0 0.05681
2 0.54845
1 -0.06932
5 -0.25977
3 -0.34865
1 1.04245
4 -0.14700
3 0.26096
1 0.29010
2 -0.16382
2 -0.65513
2 0.02943
1 0.13502
2 -0.18399
4 -0.27946
4 0.05539
2 -0.79725
1 0.27519
2 -0.47684
2 -0.43497
2 -0.49713
0 -0.57028
5 -0.14417
0 -0.15476
2 -0.31143
2 0.36726
2 -0.07409
0 -0.07404
5 -0.29012
5 0.31703
5 0.86761
2 0.55167
2 -0.11390
4 0.07789
3 -0.17069
2 0.30217
0 0.15151
0 -0.36849
5 -0.30078
2 0.08206
1 -0.80896
4 -0.23411
5 -0.14244
2 -0.13200
3 0.07189
0 -0.58405
5 0.10196
5 -2.58209
5 -0.12017
0 -0.22369
0 -0.50141
2 -0.39370
4 -0.04088
4 -0.26798
4 -0.04256
2 -0.35309
4 -0.38744
2 -0.28780
1 -0.09273
3 -0.05370
2 -0.39013
3 0.47476
1 -0.05854
1 0.71720
4 -0.18573
2 -0.15524
3 -0.34593
3 -0.25408
1 0.18738
1 0.12736
0 -0.19399
1 -0.26240
1 0.28891
4 -0.25673
3 -0.19740
4 0.18991
3 -0.35742
2 -0.42341
3 -0.06227
4 -0.35400
3 -0.31165
1 0.65144
0 -0.28841
1 0.46548
4 -0.01378
1 0.10885
5 0.07283
0 -0.73312
1 0.00868
5 0.07571
0 -0.32769
3 -0.51626
0 -0.29700
0 -0.09010
2 -0.67220
4 -0.20562
4 -0.17980
4 0.88431
4 -0.06954
4 -0.46141
0 -0.42375
2 -0.34178
0 -0.28992
4 0.02678
4 -0.28751
2 -0.03590
2 -0.22651
3 -0.39842
4 0.00888
1 0.39326
5 -0.02878
0 -0.79792
4 -0.07092
0 -0.47903
2 -0.58553
0 -0.23400
0 -1.12000
4 -0.36072
1 -0.01172
1 0.25192
1 -0.18368
5 -0.02652
1 0.08862
4 0.02811
3 -0.33027
4 -0.11617
5 -0.23970
3 0.26022
1 0.33599
0 -0.26918
0 -0.12668
3 -0.05005
5 -0.20623
0 -0.62316
2 -0.14912
3 -0.13874
3 -0.19992
3 -0.26054
4 0.35512
4 -0.23485
3 0.75790
3 0.06009
4 -0.03775
2 0.39223
0 -0.45664
3 -0.32136
4 0.04451
5 0.26903
4 -1.07337
2 -0.51408
3 -0.10356
3 -0.08039
0 0.11958
0 -0.21079
1 0.16741
5 -0.47328
3 0.12509
1 -0.47952
0 -0.28115
3 -0.52054
2 -0.21144
1 0.62194
3 0.51002
0 -0.17276
4 -0.13869
2 -0.01817
3 0.12661
0 0.07799
0 0.56880
2 -0.14598
1 0.66105
1 -0.20839
0 -0.95688
1 0.60841
1 -0.07486
4 -0.19532
0 0.64665
5 -0.87476
4 -0.31301
4 -0.54242
0 0.02112
2 -0.75150
0 0.02955
2 -0.50346
0 -0.87486
4 -0.29660
2 -0.64462
2 0.31093
0 0.07329
4 -0.57164
2 -0.35514
5 -0.58222
3 0.12532
0 -1.63973
5 -0.32285
0 -0.06895
4 -0.13360
3 -0.16408
1 -0.04276
1 0.30710
1 -0.07874
5 -0.30471
3 0.00965
3 0.04627
0 -3.23565
4 -0.27037
1 0.20437
4 0.10824
4 -0.14042
0 0.05929
0 -0.84497
3 -0.27537
5 -0.06709
4 -0.26280
3 -0.40568
3 -0.16024
2 0.28613
2 -0.49678
4 -0.49546
1 -0.18854
1 -0.18294
0 -0.32587
5 -0.79063
0 -0.06702
0 -0.28842
4 0.29206
2 -0.33774
1 -1.34255
1 0.11412
4 -0.27011
1 0.00916
1 -0.16789
5 0.59280
4 -0.33277
3 -0.01172
3 -0.23313
3 0.25006
4 -0.63218
4 0.24326
2 -0.45344
0 0.54889
4 -0.17852
0 -0.58480
2 0.02773
2 -0.44587
2 0.14367
3 0.59167
0 -1.37035
4 -0.21825
5 -0.15351
5 -0.82740
1 0.36032
5 0.96376
1 0.02041
4 -0.04097
3 0.14820
2 -0.00251
4 0.93115
2 -0.68014
0 -0.38001
0 -0.17027
5 -0.04452
0 0.23523
2 0.03802
0 -0.19699
1 -0.57985
5 0.53420
2 0.15630
1 0.26263
0 0.11076
4 -0.19343
0 -0.00314
5 -0.40521
3 -0.09175
4 -0.31294
4 -0.24783
4 0.07000
1 0.54398
2 -0.41990
5 -0.39914
2 -0.15119
0 -0.22475
4 -0.46763
0 0.22792
4 -1.17844
0 0.02208
1 0.09797
2 -0.27332
5 0.04688
3 0.30601
1 0.45662
0 -0.31141
0 -0.17299
0 -0.76042
1 0.20101
5 -0.73613
0 -0.01697
0 -0.32470
0 -0.26872
5 0.00304
2 -0.14548
3 -0.19465
2 0.80472
5 0.06144
4 0.04960
4 -0.17668
0 -0.18290
5 0.06272
1 -0.04607
2 0.27261
0 -0.51806
4 -0.22200
5 0.73759
3 -0.40930
1 0.55326
1 -0.15206
4 0.34132
2 -0.68049
3 -0.05293
4 -0.13708
2 -0.05712
4 -0.58719
2 -0.47947
0 -0.40432
1 0.19655
0 -0.02841
3 0.49339
5 -0.20906
2 0.06494
2 -0.26322
2 -0.15413
3 0.02075
4 0.00865
5 0.23791
3 -0.41522
1 0.23771
5 -0.62479
4 -0.90636
4 0.14723
4 -0.35863
3 -0.33141
4 -0.26722
2 0.03237
3 0.06920
1 0.07542
0 0.03512
3 0.54873
4 0.01379
5 -0.17888
0 -0.81640
3 -0.12301
5 -0.45646
5 -0.13606
2 -0.43162
2 0.17194
3 -0.11501
1 -0.17594
3 0.31519
5 -0.13568
5 0.86045
5 -0.33737
1 0.14344
0 -0.07780
1 0.23143
3 0.10109
5 0.38090
0 -0.21450
2 0.50272
0 -0.40182
0 -0.09312
3 -0.01813
2 -0.00915
3 -0.32328
0 -0.33998
0 -0.23866
0 0.34865
2 -0.57526
3 -0.01086
0 -0.72316
4 -0.34588
1 -0.00517
5 0.38005
0 -0.44422
1 -0.53119
4 0.17516
3 0.36976
3 0.11086
1 0.35595
1 -1.19856
3 0.23583
0 -0.64048
5 -0.19781
3 0.73065
1 0.14186
0 -0.75696
3 0.58703
1 0.36704
0 -0.89037
1 0.08121
2 -0.23421
4 -0.33666
2 0.21130
5 0.06938
0 -0.58511
5 0.11041
4 -0.11304
0 -0.06688
1 -1.16399
3 -0.17547
4 0.03877
5 -0.42431
2 -0.01952
0 -0.13732
5 -0.02253
5 0.28068
1 0.33597
5 -0.04622
5 0.09445
2 0.15900
5 -0.30538
4 -0.08203
2 -0.24684
1 0.70602
0 0.01049
2 -0.64564
3 0.14963
1 0.96928
0 0.19542
2 1.01164
0 -0.46475
5 -0.12196
2 -0.20345
1 0.32699
0 0.10561
3 -0.01431
1 0.46504
4 -0.17661
1 0.65299
2 -0.05824
5 0.23600
1 -0.09671
0 -0.11070
0 -0.16399
4 -0.05491
5 0.10140
3 -0.14679
1 0.59065
3 -0.05989
0 -0.33143
2 -0.00959
5 -0.30453
0 -0.88192
2 -0.20436
3 -0.15721
3 -0.54166
2 -0.54113
3 -0.08844
1 0.26805
4 0.61247
1 -0.48298
0 -0.01331
2 -0.27330
3 -0.04620
2 -0.27876
2 -0.01530
4 -0.23726
5 -0.24592
1 0.09538
1 0.74640
1 -2.62522
1 0.25322
4 -0.32574
4 -0.08012
2 -0.76909
3 -0.31581
5 -0.04815
4 -0.30453
5 -0.01710
5 -0.36947
2 -0.55687
2 -0.41681
0 -0.10578
4 -0.13748
1 0.01424
4 0.45623
5 0.39696
5 -0.18243
4 -0.76454
0 -0.22760
5 -0.35388
5 -0.09370
3 -0.01142
0 -0.42727
1 -0.50576
4 -0.46969
1 0.10107
5 -0.04237
5 -0.30511
0 -0.59777
3 -0.10688
2 0.03501
1 0.49911
3 0.18741
4 -0.03105
2 -0.69700
3 -0.37328
0 -0.25501
2 -0.58569
2 -0.28567
2 -0.17572
3 0.15628
1 -1.17532
4 -0.39901
4 -0.04354
2 -0.04257
5 -0.10788
3 -0.04698
1 -0.25619
0 -0.22542
5 -0.17278
0 -0.29246
0 -0.23743
4 0.30661
3 0.18859
0 -0.10282
5 -0.05402
4 -0.06217
2 -0.44632
0 0.13426
4 -0.35028
0 -1.10653
4 0.24975
2 -0.04627
0 -0.27200
2 -0.07862
0 -0.00973
2 -0.19743
5 -0.28559
1 0.48847
2 0.15027
2 0.62619
5 -0.20279
5 -0.18946
4 -0.17811
1 0.43135
2 -0.15113
1 0.03411
2 -0.57901
3 -0.15264
3 -0.13221
3 -0.06360
3 -0.03418
5 -0.31094
2 -0.45930
3 -0.01802
3 -0.47352
3 -0.17150
5 -0.33425
0 -0.46571
2 -0.29098
2 -0.06595
2 -0.10148
0 -0.13807
1 -0.23982
1 0.16203
2 -0.67702
3 0.16680
0 -0.32556
1 0.54454
4 -0.42416
4 0.04885
0 -0.37253
0 0.34097
2 -0.31406
2 0.42398
5 -0.36841
1 0.51135
4 0.05819
0 0.35134
3 0.02699
4 -0.17148
4 -0.27574
5 -0.58228
3 -0.12944
3 0.06761
3 -0.27502
2 -0.85064
0 -0.64770
3 -0.23044
4 -0.25887
0 -1.99588
0 -0.01881
0 -0.35280
1 0.34315
3 -0.43711
1 0.34861
4 -0.49774
5 -0.40442
1 0.04692
3 -0.20510
3 -0.06823
4 -0.20633
5 -0.84346
1 -0.10115
3 -0.14939
4 -0.30187
2 -0.15119
1 0.63834
1 0.06134
1 0.44684
1 0.13426
1 -0.40039
3 0.16205
5 -1.38535
2 -0.56227
4 0.15515
5 0.05862
2 -0.59282
1 0.18056
1 -0.01019
1 0.06496
4 0.49075
5 -0.18977
0 -0.45844
2 -0.45752
5 0.06885
1 0.44904
2 -0.67368
1 0.32548
3 -0.11750
3 -0.05408
5 -0.27503
4 0.21876
0 0.11699
4 -0.56964
2 0.62779
4 -0.21823
4 0.03874
5 0.43606
2 -0.77776
1 -0.24761
3 -0.19756
4 -0.04614
1 0.22830
3 -0.20253
2 -0.48880
3 0.00026
0 -0.78765
4 -0.02206
3 0.07977
4 -0.14914
5 0.00339
0 -0.69549
0 -0.45606
0 -0.27803
3 -0.14284
2 -0.16569
2 -0.02209
4 0.04447
1 -0.57480
5 -0.16232
4 -0.32189
0 -0.30519
2 -0.08648
5 -0.03546
1 0.33357
5 -0.28731
1 -0.14069
5 0.55882
3 0.12779
4 -0.54735
0 -0.67265
5 -0.51575
5 -0.27417
1 -1.66395
2 -0.45218
4 -0.38675
3 -0.20746
0 -0.42834
5 -0.40563
4 -0.31019
4 -0.30827
4 -0.26391
5 -0.00164
4 0.00110
5 -0.01445
4 -0.42702
5 0.09967
3 -0.38820
4 -0.16035
2 0.02183
5 -0.16185
5 -0.01791
5 0.09328
5 -0.94484
2 -0.46243
0 -0.19471
0 -1.03197
1 0.27762
5 -0.14816
4 -0.16372
3 0.03343
3 -0.61103
3 -0.25281
4 -0.03076
3 -0.61431
2 -0.19195
0 -0.32510
3 -0.07030
5 0.16117
4 -0.00930
0 -0.26410
3 0.13524
0 -0.07838
2 -0.44929
3 0.09966
2 -0.57612
2 -0.44100
2 -1.00258
2 -0.33758
1 -0.67805
4 0.13508
3 -0.21264
5 -0.31721
1 0.44061
3 0.22910
5 0.03139
4 0.55286
5 -0.51363
5 -0.14513
1 0.28351
1 0.63549
2 -0.21934
5 -0.04421
1 -0.52792
1 -0.02622
5 0.80638
3 -0.13969
5 0.03802
4 0.03902
3 -0.00969
2 -0.56523
3 -0.08065
4 -0.10328
2 -0.51942
3 -0.21035
0 -0.26992
4 0.06458
2 -0.65366
4 -0.15666
2 -0.03477
5 -0.86542
1 -0.15005
2 -0.49144
5 0.31319
0 -0.04544
0 -0.70224
5 -0.19796
5 0.04731
0 -0.31104
3 0.13935
4 -0.03159
3 -0.31419
3 0.08405
4 -0.27074
4 0.35936
3 -0.11805
4 -0.58529
0 -0.11474
1 0.49821
4 0.14246
5 0.32519
2 -0.12789
2 -0.54504
2 -0.02395
3 -0.39781
5 -0.28083
3 -0.65733
5 -0.19008
3 -0.07336
1 0.16998
1 0.16614
3 0.30517
4 -0.31753
3 0.11255
2 -0.52387
4 -0.34673
1 0.40567
2 -0.17006
1 0.38668
0 -0.50687
5 0.32196
3 -0.11934
1 -0.34771
2 -0.50105
4 0.11472
0 0.31588
4 -0.16487
0 -0.11438
5 0.36968
5 -0.42862
3 -0.38829
1 -0.18871
2 -0.07687
4 -0.15266
0 -0.96793
2 -0.31461
0 0.43078
1 0.55891
3 0.19382
3 -0.34522
1 0.20956
1 0.79797
5 -0.13522
5 0.49737
2 0.00997
3 -0.14321
5 -1.14551
5 0.05775
0 -0.36263
3 0.07904
0 -0.01713
4 -0.01430
3 -0.16127
5 -0.19050
5 0.57625
0 0.09099
2 0.53132
0 -0.02369
2 -0.57499
4 -0.69780
4 0.60312
3 0.06179
1 0.31058
3 -0.08835
0 -0.10452
0 -0.19338
5 0.51965
4 -0.29292
