2 -0.24180
0 0.43575
2 0.38215
2 -0.66558
5 1.41341
4 0.02510
0 0.16784
0 -0.35460
1 0.00669
4 0.75981
4 -0.03537
5 -1.22607
2 1.59024
0 0.79527
3 0.40869
1 0.55878
2 1.33509
3 -0.11545
4 0.22291
4 -0.39488
2 -0.40437
2 0.60069
1 1.34130
4 -1.08010
5 -0.23443
2 -0.46183
5 -0.93386
3 0.14168
5 -0.30899
3 -1.04402
0 0.08967
2 -0.29786
2 -0.59972
4 0.17021
3 -0.27838
3 -0.77625
5 0.59617
2 0.53186
3 -0.01885
2 0.17721
4 -0.02677
3 -0.73383
4 -0.05990
0 -0.52665
5 0.39724
5 0.62997
4 -0.48493
3 -0.09096
0 -0.36696
1 -0.42441
5 0.13098
1 -0.56852
4 0.04194
0 0.39399
5 1.66237
5 1.42985
3 -1.14305
2 -0.25591
1 -0.33637
0 0.47759
1 -1.31159
1 -0.77785
4 -0.42925
2 -0.09854
2 1.10754
3 0.11505
3 -0.37495
1 -0.51856
5 0.35413
0 -0.36696
3 -0.34134
3 -0.86354
2 -0.46419
3 -0.78270
2 -0.18581
1 1.59003
1 -0.18971
3 -0.44675
5 2.35640
1 1.06692
2 0.52037
4 -1.62033
1 -2.03499
5 -0.03503
5 -1.31442
4 -0.58349
4 0.17165
3 1.41939
4 -0.52083
4 -1.98420
0 1.28405
3 -0.25382
5 -0.75849
1 0.05115
0 1.05674
5 -0.32338
5 -0.22956
1 -0.43144
5 -0.23074
4 1.01726
5 0.91724
2 -0.42286
3 -0.56557
2 2.76296
2 0.49305
5 0.77312
3 0.78280
1 -0.36347
3 -0.39731
2 -0.63955
3 -1.18664
4 0.38086
1 1.03679
1 1.51600
5 -0.44416
4 -1.02251
0 0.16561
3 -0.42776
3 0.84817
4 -0.50679
4 -1.75176
0 0.13893
3 -0.34930
3 0.65246
4 0.49023
0 -0.00032
1 -1.58867
2 0.69806
1 -0.63330
5 0.51190
0 0.88004
2 0.29803
0 -0.48634
2 -0.17267
1 -0.03457
3 1.55069
0 -3.28505
5 -1.02865
0 0.32648
0 0.20017
0 -0.37287
2 -0.28940
2 -0.06037
5 -0.26787
3 -0.50925
3 0.66975
2 -0.31854
0 -0.48456
2 -1.01792
3 -0.59077
5 1.70636
2 -0.25117
1 -0.67561
4 0.16796
5 -1.24107
1 -1.07588
2 -0.35538
0 -0.29789
3 -0.38181
1 1.17890
3 0.85732
0 0.36805
2 -0.42295
1 -0.79373
2 1.21974
0 -1.39254
5 0.42967
5 -0.13171
5 0.32878
4 0.50111
1 -0.20041
5 0.57964
5 0.33970
3 -1.36768
2 0.09201
4 -0.27354
5 0.84721
3 -0.38210
5 -0.41848
5 1.68130
4 2.39157
4 0.54523
3 -1.00110
4 -0.07660
5 0.89669
1 -0.05409
1 0.59554
0 -0.98294
3 -0.83746
3 0.81282
1 -1.20840
1 -0.71766
5 0.97018
3 0.05282
3 1.06056
0 4.37043
2 0.53266
4 2.64874
2 -0.12513
0 -1.83007
3 2.18780
3 -0.79743
1 -2.41870
1 -0.11026
0 0.42274
5 -0.56268
2 0.04413
1 -0.87080
0 -1.21448
2 -0.30239
2 -0.62129
4 1.39320
1 -1.48017
3 -0.62968
5 -0.09452
2 -0.69867
4 0.09098
1 -0.96667
5 -0.66881
4 0.61047
0 -0.15548
1 -1.11260
5 -0.30715
3 0.74637
3 -1.11729
5 0.02012
0 0.10722
2 0.07285
3 -0.44682
1 -1.25147
5 0.42951
4 0.18811
4 -0.37686
1 -0.04022
0 -0.36304
2 -0.37771
5 2.52070
0 0.66635
2 0.53840
2 -0.06127
4 2.39999
0 0.89811
5 0.31882
3 -0.65682
3 -0.06271
0 -0.12324
0 1.39920
2 0.21550
4 -0.47910
5 1.88370
1 0.33312
4 -0.52653
1 -0.27574
4 1.99787
3 -0.74191
3 -0.13413
5 -0.42913
1 -0.18745
4 -0.21849
3 0.55039
4 -0.49759
3 0.35144
2 -0.31882
4 0.54807
0 0.58787
1 -1.37519
0 -0.08256
3 -0.09449
5 -0.97145
0 0.62235
2 -0.10845
2 -0.21973
3 1.23870
4 -0.24836
5 0.10499
2 -0.43313
3 0.26803
1 -0.66373
2 0.44823
5 1.09680
1 0.80718
4 0.87635
4 -2.51717
3 -0.52440
2 -0.85059
5 -0.28471
4 2.38712
3 -0.14778
1 0.79108
4 0.16153
0 1.11512
0 0.05460
4 0.12242
4 -0.56151
5 -0.13015
4 -0.41436
2 0.52442
5 -0.50278
5 -0.33088
1 -1.84308
2 -0.82192
4 0.22293
3 -0.43511
4 1.19786
3 -0.76374
1 1.55075
1 0.04547
0 -0.85029
3 -0.74895
4 -0.61839
1 -0.02231
1 -0.43695
3 0.53317
5 1.01429
3 -0.45455
3 -1.55194
0 0.40898
0 0.61843
2 0.50212
3 -0.02298
5 -0.41158
4 -0.53400
0 0.18643
3 0.42598
2 -0.14201
2 -0.68195
4 -0.77722
0 -0.79027
0 -0.03582
2 0.21986
1 -0.32550
1 0.17685
4 0.64622
2 -0.42351
4 -0.94609
3 -0.13082
0 0.65176
5 0.45871
2 0.73854
0 1.01670
0 1.50998
3 -1.04728
0 -0.63809
0 0.22364
2 -0.05750
3 -0.24798
2 -0.11309
0 0.86378
4 0.36680
5 -0.43830
4 0.75222
5 1.99059
5 -0.04546
2 -0.66619
4 -1.36660
3 -0.46709
5 -1.58452
5 -0.74645
4 0.40594
2 0.05914
3 -0.41871
5 -0.37370
4 -0.57460
0 -0.65085
5 -1.09812
0 0.87075
3 -0.78838
3 -0.25200
2 -0.57739
1 2.96647
4 -1.83965
1 -1.15254
2 -0.70553
2 -0.21713
3 -0.60391
5 -0.25761
0 -0.52878
0 0.18164
0 0.60834
1 -0.44252
2 -0.20395
2 -0.89632
2 -0.50031
4 0.13017
5 -0.63341
1 -0.00826
3 1.19666
1 -0.73321
2 0.60493
2 0.16782
0 -0.34101
1 1.02632
3 2.03792
1 -1.16828
5 -1.09768
2 0.33776
4 0.83627
0 -3.67174
0 0.25272
0 0.04545
5 -0.73271
3 -0.19707
5 -0.10952
5 -1.03127
4 -1.38646
3 0.06436
1 -0.66376
0 1.21617
3 -0.45046
3 -0.12334
5 -0.22905
4 0.02580
2 -0.30607
5 0.36790
0 0.67118
0 -1.61222
3 -0.22164
1 -1.75809
4 1.79968
2 2.15602
2 -0.24969
0 0.30334
4 -0.00413
1 1.05123
2 0.05547
3 0.06546
3 -0.51615
1 -1.83831
3 -1.31418
0 -0.61563
2 0.52161
0 0.32785
5 -0.49903
5 -0.49257
2 1.24327
3 -0.92085
3 -0.89260
1 -0.86879
0 0.61984
5 -0.55216
0 -0.20199
0 0.29028
1 0.29553
1 -0.71872
1 -1.96140
1 -1.72452
1 -1.57973
4 1.33362
1 0.51988
5 0.85593
4 -0.49587
1 -1.46934
4 -1.00483
3 0.18545
2 0.12998
0 -0.20309
4 1.39701
1 0.74990
0 0.22221
4 0.15745
0 0.50836
3 -0.40276
1 -0.06633
0 -0.84697
2 -0.25571
4 0.37952
4 -0.46160
4 0.53569
0 -0.54559
0 0.98203
0 -0.70418
2 -0.70610
5 -2.28750
1 -1.55899
4 0.34802
0 0.61472
1 -0.55712
2 -0.46597
4 0.65290
4 -0.40050
1 -2.48535
5 0.38939
1 0.74498
4 0.45297
3 -0.95145
0 0.01382
1 -0.49792
3 -1.50996
4 0.03907
0 0.22554
0 0.13915
4 0.78477
0 -0.33067
5 0.76662
0 1.25678
4 -0.17523
3 0.04222
3 -0.48594
5 2.42637
4 0.25292
0 0.20342
0 -0.85885
5 -0.92096
2 -0.21188
1 -0.07118
0 0.32926
0 0.71600
5 -1.93423
2 -0.12258
4 -0.12294
1 -1.87848
0 -1.36402
5 0.41222
0 0.13733
1 -1.91887
3 -0.59707
5 0.40465
0 0.05638
3 0.13079
4 0.21753
4 1.35306
5 0.10746
2 1.00091
4 0.41293
4 0.00269
0 0.96278
0 -0.27445
0 2.07748
5 -0.59991
2 -0.06929
1 -1.57125
4 -0.82497
2 -0.35212
1 -1.36289
5 -0.25793
4 0.50373
1 -1.03917
4 1.10879
1 -0.80257
4 0.35335
5 -0.05922
1 -0.11380
0 0.45756
3 0.05428
3 0.25183
4 0.54158
2 0.11983
3 0.40534
3 -0.08176
1 -1.98225
4 2.61683
3 -0.96187
3 -0.41365
5 2.25534
1 -0.49706
2 -0.63463
5 -0.64127
2 0.76044
5 0.05719
1 0.13392
2 -0.56241
3 -0.41630
1 2.76788
5 1.30314
1 -0.29496
1 1.06748
1 0.34582
1 -0.64966
5 0.14359
1 -0.91969
0 0.23274
1 -0.75900
0 0.21166
1 -0.86364
4 0.54452
5 0.32105
2 -0.31788
5 -0.16241
5 -0.47062
0 -0.33435
5 -0.46409
0 0.36531
2 -0.61823
5 -0.37726
2 -1.28578
3 0.31862
4 0.37509
5 -0.58698
4 0.14625
1 3.41986
3 0.04602
5 0.73293
5 -0.30434
0 1.85430
4 0.73318
4 2.18413
0 0.20150
5 -0.41236
4 -0.53452
3 -0.60601
4 0.22801
5 -0.67336
0 -0.98445
0 -0.03275
2 -0.79833
2 -0.55413
5 0.04179
2 0.48887
0 -0.05030
2 -0.12618
5 1.34708
2 -0.11041
4 0.29682
2 -0.76540
1 -0.21010
4 0.83568
3 -0.38451
2 0.51403
5 -0.42835
0 -0.10865
2 0.00726
2 -0.32734
4 0.30033
4 -1.35918
2 -0.09239
2 0.03332
0 -0.09412
5 -0.48028
4 0.83303
3 0.79024
5 -0.80792
0 0.27601
5 -0.76588
0 1.24439
4 -0.05797
1 -1.86796
1 -0.63269
5 -0.64818
0 0.12768
2 -0.00790
2 -0.70121
1 -1.40303
5 0.67761
1 -1.00063
4 0.31626
5 0.13913
1 0.07287
0 -0.30569
0 -0.54961
2 -1.11255
0 0.34387
5 -0.26055
0 -0.96046
5 0.56815
5 -0.31578
3 0.49330
0 -0.01548
0 -0.65646
2 -0.53243
4 0.04298
4 -0.40146
3 -0.58599
2 -0.75648
4 -0.21141
0 -0.64181
0 0.15359
4 0.89239
0 0.52877
5 -0.55287
4 0.59217
5 -0.84868
4 -0.53419
3 -0.30713
4 0.00962
2 -0.56386
2 0.58289
0 1.04469
3 -1.29701
0 0.16679
0 -0.11809
1 0.09236
4 0.41402
2 -0.09548
3 -0.63278
1 -0.63148
3 -0.24942
4 0.43723
4 -0.07863
3 -0.23746
2 3.28658
5 0.48355
4 -0.39733
1 0.92157
5 0.89120
4 -0.46495
4 0.08660
1 -0.33772
4 1.18338
0 -0.72830
3 -0.74066
5 -0.60217
3 -0.72731
4 -0.46180
0 -0.50632
3 -1.12892
4 0.77229
2 0.07435
0 0.61934
3 -0.30385
0 -0.61635
4 -1.81102
2 -0.19362
0 -0.26826
5 0.36376
4 -1.32640
1 -0.52383
2 -0.31556
5 -0.12396
5 -1.15324
3 0.23840
4 1.75675
2 -0.55515
3 0.68565
1 -0.94743
4 -0.10609
0 -0.62410
4 -0.07862
1 -0.45152
2 -1.18397
2 -0.36413
1 -0.62783
5 -0.70916
5 -0.59795
0 0.04595
0 -0.76057
2 -0.23452
5 0.06837
2 -1.08168
5 -1.30605
4 -0.45032
4 0.77837
4 -0.30373
1 1.73554
4 -0.05972
1 -0.16338
2 0.85705
4 0.94126
4 1.64974
5 0.65329
2 0.33556
1 -0.06637
5 -1.14837
5 -0.30984
4 -0.38254
4 0.86874
3 0.95823
0 -0.07846
0 0.74312
3 0.28041
2 0.79360
3 0.01183
3 -0.17584
1 -0.21078
2 0.23285
3 0.74732
1 -1.41937
4 -0.20824
1 0.48920
2 -0.23169
2 -0.50468
1 -0.49957
0 -1.06852
2 0.33167
4 0.58860
1 -1.57523
0 0.48003
0 -0.20857
2 0.82584
1 -1.18492
4 -1.34822
5 0.04046
4 1.22521
1 -0.91946
4 0.95918
0 -1.83553
5 0.38274
5 -0.08692
0 1.67666
3 -0.13033
4 0.57169
4 1.53373
5 1.54776
2 -0.13305
0 -0.65169
1 -0.76362
4 0.28989
4 1.51297
5 -0.61980
4 0.35704
5 -0.63784
4 0.93319
0 1.79434
1 -1.29464
5 0.12901
4 0.51287
2 1.29576
2 1.06380
3 -1.42348
3 0.01048
5 0.17165
1 0.24253
4 -1.20306
2 1.16552
4 0.32528
2 -0.05580
4 -0.22840
1 -0.13679
2 0.68467
3 0.48586
1 -0.34065
2 -0.38185
1 -0.69963
2 -0.87572
4 0.14005
5 -0.78741
4 0.54991
4 -2.53984
4 0.26072
3 -0.32663
4 0.52877
2 1.00735
0 0.78233
1 0.82042
3 0.79403
0 -0.11819
4 -0.49064
1 0.87428
0 -0.94104
5 0.61029
5 0.58495
0 -0.05498
2 0.23853
5 0.21200
0 -2.20967
5 1.88582
2 -0.11696
3 -1.34411
1 -0.11197
0 0.65816
3 -0.70965
2 0.32705
5 -0.40323
3 -0.10266
1 2.71309
0 -0.54252
1 -1.70692
3 -0.24542
0 -0.33932
0 0.91643
5 0.33554
5 1.34643
2 -0.14050
3 -0.12230
3 0.76754
3 -1.14206
5 -0.11115
5 -0.54282
5 -0.36330
0 0.40668
4 -0.04310
4 -1.34331
2 -0.56730
2 -0.19286
4 -0.05234
0 -2.32492
5 -0.53336
2 -0.07121
0 -0.34331
2 -0.20427
5 -0.06967
1 0.75126
4 0.03900
5 -0.85820
1 -0.37638
5 -1.00004
0 0.54440
5 0.53275
0 0.76783
1 -0.60633
0 0.62220
4 2.30959
3 -1.56416
3 0.43466
1 -0.73241
3 0.01432
2 -0.10276
2 -0.47076
0 0.10410
3 2.02108
3 0.35005
0 0.57600
1 -0.71837
3 4.37689
5 0.10988
0 0.59287
4 1.70470
2 0.32500
2 -0.49540
2 -0.24883
4 1.23702
1 0.91724
3 -0.40718
0 -0.20504
4 -0.58567
3 -0.33103
3 0.14445
0 0.77706
3 -0.49013
0 0.38930
2 0.72794
1 -1.74032
1 -0.46144
4 1.53701
3 -0.95718
3 -1.18560
1 0.10580
3 0.15607
1 -1.06911
0 -0.10882
2 0.72817
0 -0.38378
1 5.15616
2 -0.64062
5 -0.84301
5 -0.29926
2 -0.08768
0 0.45965
3 -0.55476
5 0.83887
3 -1.20159
4 0.71980
3 -0.13595
0 0.06432
0 0.29647
1 -0.68425
5 -0.45264
0 -0.61648
2 0.87931
5 -0.07542
4 -0.19159
1 -0.82448
1 -0.75501
0 -0.31759
5 -0.05204
4 0.28958
4 -1.38520
1 -0.93048
2 -0.49564
1 -1.13676
5 -0.39068
1 -0.04226
4 -2.37176
0 -0.92313
5 0.74828
1 -0.46175
1 0.53200
3 -0.89779
2 1.06555
3 -0.86243
0 0.10434
2 0.40179
4 0.95897
5 -0.19310
1 0.11335
1 2.23902
0 0.59774
2 -0.13540
4 -0.96410
0 0.73113
1 0.14461
1 1.87569
5 0.52081
5 2.30402
1 -0.00743
3 -0.16814
2 -0.20561
5 -0.01883
1 -0.15225
0 0.14371
1 -1.46584
1 -1.15569
2 -0.82146
4 -0.44802
4 -0.75915
1 -0.69190
0 0.07035
1 0.58297
4 0.16969
3 -0.08533
3 -0.86413
4 -0.95324
5 -3.19711
4 0.43189
1 -1.44443
1 1.07628
1 -0.77522
1 -0.40577
1 0.87195
5 -0.96819
4 0.29004
0 -1.00843
3 -0.08706
1 -0.17190
0 -0.36458
0 -0.08178
3 -1.02409
4 -0.41547
0 -0.04848
4 1.62060
1 1.71940
4 -0.91546
0 -3.34585
0 0.37893
2 0.40698
2 0.38394
1 -0.96906
4 0.17564
3 -0.94236
4 -1.30302
1 -2.25440
5 0.31698
5 -0.24919
1 -0.48669
1 -0.20982
1 1.75838
0 -0.55501
4 -2.36053
5 2.25793
2 1.20311
3 -0.28790
5 -3.24243
5 -0.95543
1 -1.80196
0 0.83199
0 -0.99290
5 -0.58983
4 0.30588
1 -0.67807
2 0.06327
1 -0.75368
2 3.33778
2 6.18604
3 -0.66785
5 1.90772
4 -0.14289
1 -0.40866
3 -0.80586
4 0.02765
0 1.16744
4 0.63413
3 -0.29784
5 1.72415
0 -0.65637
0 -1.06430
1 -0.95322
3 -1.00775
4 0.54843
3 -0.45809
1 -0.07736
5 2.02966
1 -0.50276
5 0.33894
0 -0.77051
0 0.26803
5 -0.87657
4 -0.08247
1 0.14878
2 0.20809
2 -0.34977
2 -0.65544
3 0.35587
0 0.34774
0 -0.88207
4 0.57634
2 0.48554
1 -0.45397
4 -1.02094
4 1.08884
2 1.22216
0 -0.22374
2 0.79634
4 0.14488
4 2.64822
2 -0.12495
4 -0.81719
2 -0.75317
2 0.15464
5 0.75324
3 -0.92209
2 0.37285
3 1.25235
4 0.39516
0 0.43859
5 1.62827
5 0.58205
4 0.26869
2 0.22228
5 -0.24737
1 -0.95875
2 -0.02919
1 -0.25786
4 0.12255
5 -0.75939
5 0.82115
5 -0.42702
0 -0.43661
1 -0.57631
1 -1.63912
3 0.31867
5 -0.18915
3 0.22083
3 -0.29702
4 -0.80996
2 -0.16920
0 0.67552
1 -1.15994
1 0.40494
2 -0.55051
2 -0.04868
0 1.16813
1 -0.22382
5 0.92920
3 -1.12037
5 -0.09111
5 -1.82123
3 1.19263
2 1.00712
2 -0.61422
5 -0.45301
1 0.50243
5 -0.13355
3 -0.46452
1 -0.56690
1 -2.14839
4 1.64790
4 -0.35868
2 0.03464
1 1.19961
3 0.43991
5 -0.30250
1 -0.54758
0 0.46843
5 1.19408
4 0.48208
0 0.50727
2 -0.40923
0 -0.38412
4 0.90111
0 1.12451
2 -0.62481
5 0.52210
2 -0.25931
1 1.72481
0 1.43425
2 -0.16468
4 0.00147
1 -0.44159
2 0.07415
2 -0.10884
1 -0.77564
3 -0.32885
4 0.00222
0 0.26283
3 0.46895
2 -0.29026
2 0.43813
2 -0.13678
3 -0.74021
2 -0.18434
2 -0.20595
1 -0.35878
4 -1.49390
4 -0.63445
4 -0.37962
2 -1.20228
1 -0.93688
5 -1.13020
3 -0.87995
2 -0.22995
1 -0.58644
0 0.34634
5 0.51928
3 0.13019
2 0.20414
5 1.65247
3 -0.93893
0 0.30622
0 0.71228
2 -0.52487
2 0.08687
3 -1.05677
0 1.58666
1 -0.21134
0 0.78098
5 -0.68505
1 -0.49279
3 -0.15336
3 -0.92729
3 -0.34395
1 -0.88851
3 -0.20424
2 -1.56644
0 -3.45370
0 -0.66081
4 1.22039
5 -0.57282
3 -0.54186
2 -0.42388
2 1.65521
2 -0.90860
1 0.04918
4 1.75675
1 -0.72250
1 -0.97095
0 0.28951
4 1.23379
3 -0.28076
4 1.36150
1 -0.70148
4 -0.19163
1 -0.23671
3 -0.67956
2 -0.10124
3 0.31349
5 -0.35310
4 -2.25624
3 0.08477
4 -0.26712
4 1.73579
2 0.26794
3 0.28742
0 0.17508
0 -0.35759
3 -1.31406
2 0.69559
1 -0.18475
4 -1.42774
5 -0.77887
0 0.10984
3 -0.09841
0 0.53151
2 -0.29516
1 3.83698
2 0.11696
5 -0.33092
2 -0.24867
4 -0.51072
0 1.53899
2 -0.48042
1 -0.78901
0 0.45432
0 -0.39213
1 0.26625
5 -0.03381
2 -0.14340
5 -0.76151
1 0.20661
0 -0.05405
0 0.29063
4 -0.05683
3 -0.21008
1 -0.53549
2 0.61624
1 -0.05411
2 0.16750
2 -0.93809
3 0.15135
2 -0.26805
1 1.16037
5 -0.44609
1 -0.42799
0 -0.44494
5 0.86038
1 -0.53910
3 0.06544
1 -1.31360
3 0.72106
3 1.17545
5 0.90834
3 -0.46601
1 0.67064
1 -0.28994
4 -1.23340
3 0.86612
1 -1.53345
3 -0.08920
3 -0.57362
2 -0.42314
2 -2.19750
4 1.33415
5 1.78366
2 -0.03121
5 2.15463
2 0.37531
2 0.06767
5 -0.01188
5 0.06579
0 0.54856
0 -1.29221
1 -0.99323
3 0.31897
1 -0.78684
4 -0.15421
0 -0.62068
3 -0.50933
2 0.37637
2 -0.29668
3 -0.52208
5 0.00153
0 -0.14534
1 0.81292
5 -0.85843
4 -0.09853
4 0.26485
0 0.67274
3 0.45791
0 0.32720
5 -0.91540
3 -1.15291
0 -0.11718
5 -0.29270
3 0.21677
4 0.10868
0 0.31245
5 0.95511
4 -0.44471
1 0.14996
3 -0.70800
5 0.05140
5 0.12955
0 -1.09472
1 -0.57420
4 0.31950
1 0.31034
5 -0.36222
3 0.19980
5 -0.12826
4 0.20870
5 0.20463
0 -2.35177
2 -0.51273
3 -0.37431
2 -0.97371
3 -1.42393
4 1.43107
2 0.24155
2 -0.38520
5 0.91974
1 0.75976
5 1.75661
2 0.23069
3 -0.93298
5 -0.97537
4 -0.12643
4 -0.55922
4 0.03007
1 1.02395
4 -0.60218
3 -0.35849
0 0.33757
5 1.01797
1 -1.23192
2 -0.82141
5 -0.45461
2 -0.63269
4 2.26197
2 0.46136
2 -0.85896
0 0.45623
3 -0.17339
5 0.19912
0 0.67014
0 -0.10009
2 -0.54272
2 -0.23839
3 3.04681
4 -1.45116
4 -0.15354
3 1.02254
5 2.07462
0 1.39420
0 0.08552
0 -0.17759
4 -0.17065
4 -0.45655
2 0.75694
1 -2.82212
2 -0.36617
3 -1.32133
3 -0.04359
0 0.44522
0 -1.33262
4 -0.85555
5 0.12705
3 0.27944
4 0.23026
0 0.85044
0 0.40970
1 -3.20600
4 -0.01174
0 -0.01858
0 0.72578
1 0.80913
0 1.81468
5 -0.50625
4 -0.98939
1 -0.05527
3 0.46137
2 -0.75879
3 -0.29736
0 0.97347
5 0.31544
3 -0.14974
4 -1.08408
5 -0.55798
4 0.04038
2 0.38306
0 -0.21391
4 0.24935
1 -1.56702
2 -0.09462
1 -0.28198
0 0.50257
4 0.31691
3 0.11830
5 1.09882
3 -0.78541
3 0.36346
3 -0.34900
3 -0.21272
2 -0.55664
2 1.65019
3 -0.93796
4 1.04999
2 -0.12363
3 1.32232
2 0.69981
3 -0.64370
0 0.12744
4 0.00285
0 0.82802
0 -0.43674
2 0.04316
4 0.34998
0 -0.01887
5 2.04256
3 0.01186
0 -0.16074
4 0.35028
0 0.15145
1 0.62198
1 -1.34256
0 0.33340
0 -0.72919
0 1.17790
4 0.97179
2 -0.52476
1 -1.11439
2 0.36166
0 -0.04762
5 -0.08018
4 3.01592
1 2.98099
1 -0.44696
4 0.14396
3 -0.04004
4 0.87628
3 -0.36214
4 1.39545
3 0.08377
1 -1.57809
4 0.31804
3 -1.24377
3 0.19702
1 -0.21241
0 0.12748
1 -0.42462
2 1.55702
1 -0.34048
1 -0.56917
5 -0.57419
4 -0.99027
2 0.11371
0 -0.00073
3 -0.62702
0 0.68531
0 -1.59486
2 1.55925
3 -0.34602
3 -0.49568
5 -0.49426
4 0.11778
2 -0.82059
1 -0.97531
2 0.27414
3 0.07640
2 -0.47396
4 0.01746
4 0.76973
3 -0.54899
1 0.33736
3 1.55255
1 -0.69103
2 -0.47295
0 -0.10655
2 0.16978
1 0.35591
1 0.20174
0 0.31024
1 -0.01878
0 -2.49569
0 -3.63317
1 0.08956
5 0.15530
2 -0.37518
0 -1.22115
0 -3.14552
2 -0.43659
5 -0.14557
4 -0.56597
1 0.03324
1 -0.90837
3 0.19829
3 1.15044
1 -0.64786
0 -0.57822
5 0.54680
5 -0.90603
1 -1.55600
4 -0.69246
0 -0.00138
0 -0.02221
5 0.21332
3 -0.98855
2 0.11607
4 -0.10209
3 0.17196
5 1.38475
3 -0.33576
5 -0.71168
1 -0.67356
2 -0.29716
0 -0.60914
2 1.91799
0 -0.02617
4 -0.37025
2 1.51949
1 0.99401
4 -0.30848
3 -0.44796
4 0.52013
1 -0.22686
4 -0.29374
1 -2.10490
3 0.68761
3 -1.16520
3 0.32307
2 -0.92321
5 -0.41343
2 -0.48324
4 1.73314
1 0.77789
3 0.81280
0 -0.37202
1 -1.17276
1 -0.38150
3 0.57643
5 -0.10864
5 0.56806
1 -0.39574
2 0.85347
4 -1.00711
1 0.63052
0 0.49131
0 -0.70503
5 0.62820
1 -0.38034
4 -0.72741
3 0.66070
0 -0.52323
3 -0.29957
0 0.02663
3 0.85468
3 -0.06718
5 0.17953
5 0.58594
5 0.56811
2 -0.75815
2 0.03920
1 -0.88890
0 0.61089
3 -0.82809
2 -0.39903
4 -0.16280
1 -1.11639
0 0.73787
5 0.14690
4 0.24238
4 -0.47149
0 -0.52867
3 -0.05744
0 -0.79121
5 1.28932
4 0.05475
4 -0.79384
1 -0.02251
1 -0.82726
2 -1.34774
5 0.80813
4 -0.71180
4 0.16236
1 -0.40841
3 0.78117
5 1.46762
5 -2.74875
2 0.71859
1 -0.59002
5 0.67166
2 0.51066
3 -0.39878
2 -0.23137
3 -0.94233
1 0.20548
5 -0.26882
5 -0.35669
0 0.63843
5 -0.49828
1 0.77485
3 0.90457
0 -1.51273
5 0.25149
5 0.21188
1 -0.00693
5 -0.03131
3 0.97443
5 -0.55129
2 -0.25451
5 -0.48947
5 -0.54030
2 -0.24903
0 0.04621
4 -0.25910
0 0.09732
4 -0.29179
1 -1.73866
2 -0.28294
3 0.37178
4 -0.03159
0 0.08668
3 0.41195
2 0.03123
0 -0.99754
3 -0.28962
2 0.09003
2 1.29716
4 2.27170
5 1.17906
0 0.34898
1 -1.68786
5 -0.83050
2 1.71439
1 -1.19036
2 0.70430
1 1.10775
5 0.58604
2 -0.88696
4 2.16141
2 -0.41383
0 0.76131
3 0.52710
3 -0.56860
0 0.16908
3 -0.78961
5 0.02766
2 -0.44244
5 -0.25500
5 -1.00594
3 -0.16154
5 0.83021
1 -1.28956
1 -0.72999
5 0.07069
5 -0.69976
4 0.35892
0 0.62521
2 0.51605
4 0.25965
5 -1.38060
1 -1.62055
2 0.77082
4 0.44338
0 0.52016
3 -0.48281
2 1.70191
2 0.08647
5 0.34790
4 -0.84688
4 -0.00264
2 -0.36804
1 0.78365
4 -0.71515
1 -0.86549
5 -0.36433
5 -0.06557
3 -0.77374
3 0.15688
2 -0.23702
2 -0.44998
4 -0.36779
5 0.42548
3 -0.37269
4 -0.13370
2 -0.36800
1 0.89459
0 -0.77935
2 0.14818
2 -0.11007
0 0.15595
5 0.97070
3 -1.32500
2 -0.36420
3 -0.76385
0 -0.07841
0 -0.26770
0 -0.25025
1 0.48746
0 -0.89351
0 -0.42711
1 -0.02401
2 0.17025
4 0.00542
2 -0.26587
0 -0.05806
3 -0.46179
5 -0.20978
5 0.34307
0 -4.24625
3 -0.81711
4 -0.63367
5 -0.56010
2 -0.17801
0 0.49699
5 1.68765
5 0.54542
0 0.59877
3 -0.42620
3 -1.13146
5 0.02629
3 0.25014
1 -0.34911
5 0.33102
1 -0.65125
4 0.57824
0 -1.14649
4 -1.17430
5 -0.96835
5 0.36299
2 -0.18365
3 -1.17542
1 -3.29885
4 -1.81383
0 -0.73233
3 0.96750
4 2.88950
0 0.14479
2 0.62756
3 -0.01636
5 0.61191
4 0.85101
2 -0.47565
1 -0.67748
2 -0.88971
1 2.37962
2 -0.08325
1 -0.17167
5 -0.28936
2 0.49134
0 -4.16648
4 -0.28975
0 0.05393
5 -0.34780
1 -0.92532
0 -0.28356
2 -0.53717
4 0.52919
3 -0.55672
5 -0.99975
4 0.16486
1 -0.45802
5 0.68006
0 0.45508
1 0.13732
1 -0.12458
3 1.04179
0 0.81706
2 -0.20618
4 1.86727
4 0.32779
1 -1.75739
4 -0.74327
0 -0.08548
4 -0.73545
3 -0.40678
0 -0.09803
4 0.20158
0 -0.07263
1 0.33626
5 1.14796
4 0.90609
3 -0.84237
0 0.44114
3 -0.62972
5 -0.61360
4 0.72269
5 1.46596
4 -0.15211
3 -0.31268
2 -0.14825
4 2.47864
1 0.32962
4 2.57184
3 -0.39899
1 -0.20138
0 -0.21761
1 0.47423
2 -0.15097
5 -0.67470
4 -0.54488
2 0.12120
5 0.20908
5 0.01301
5 -0.37023
5 0.81778
3 -0.51759
5 -2.87658
1 -0.73507
0 0.83031
0 0.10483
5 0.37514
2 1.53525
4 -0.38752
0 -0.25082
4 -0.99172
5 -0.59225
0 0.39641
2 0.25071
1 -0.63969
2 0.50895
3 1.38718
0 0.41168
2 -0.36949
2 0.18618
2 -0.40814
4 0.12986
0 0.23562
3 0.83420
1 -0.41777
2 0.75769
3 -0.22135
5 0.80269
1 0.33574
5 -0.17637
3 -0.42602
5 -0.00235
5 0.72506
1 -0.00898
3 -0.50659
5 0.38380
3 0.63297
4 -0.39573
1 1.02350
3 -0.53687
1 0.14556
2 -0.24410
5 -0.36410
2 0.59589
0 -1.45113
5 -2.12652
4 0.46696
3 -0.17675
4 0.25437
3 -0.59140
0 0.26358
3 -0.82827
2 1.33964
0 0.20236
1 -0.77214
5 -2.23906
2 -0.40743
5 1.40821
4 -0.35387
3 -0.30310
1 -1.18422
1 1.04667
3 2.52240
1 1.06834
5 -0.46062
4 -0.45747
2 0.06500
1 -0.41787
3 -0.93475
3 3.95359
3 1.43164
1 1.35399
4 0.59681
5 -1.27399
0 -0.77791
2 0.69754
3 -0.52624
0 -0.41411
0 -0.37535
0 0.01413
5 0.19685
3 -0.77565
3 0.48994
1 -1.28710
1 -0.79633
4 -1.52203
1 0.16914
3 -0.51002
4 0.15926
4 0.43170
5 -1.57321
1 -0.18792
0 0.57656
5 -0.70264
1 0.03584
5 2.89181
2 -0.34905
4 -0.99859
4 0.42829
3 -1.09770
5 0.49724
3 -0.51613
2 -0.99276
0 0.37769
3 -0.30336
0 0.42020
3 0.40881
0 0.44314
5 1.45020
2 -0.56750
0 -0.31826
2 1.02839
5 1.20524
4 0.04062
5 -1.91265
4 -2.55789
5 1.20868
0 -1.03260
5 0.35100
2 -0.93149
1 -0.91834
2 -0.00686
4 0.20513
1 -0.64413
4 -0.89272
1 0.12670
1 1.04986
0 0.79423
4 -0.82332
5 1.78005
0 -0.78080
0 -0.19549
1 -0.26598
4 0.75193
4 0.92813
3 -0.68487
1 2.76789
2 0.84780
2 0.27523
2 -0.20439
5 -0.30385
2 0.23694
3 1.77721
1 0.27029
2 -0.22572
4 0.84540
0 0.00066
5 0.90481
2 0.36105
3 -0.24540
1 -0.27294
4 -0.82265
2 0.07050
5 0.85143
0 0.29453
2 -0.33463
2 0.54316
0 -1.13915
3 -1.12540
1 -1.65814
1 -0.84419
5 -0.57665
3 1.14103
0 0.43652
2 -0.61863
5 -2.57058
0 0.47335
5 1.34403
5 1.39448
0 -0.06258
0 -0.57289
5 0.36370
0 -0.44337
4 0.61214
1 -1.20163
2 0.22549
3 1.14316
3 -0.37117
5 0.79036
1 -0.84048
3 0.59954
3 -0.60542
0 -0.43895
4 -0.28568
0 -0.09863
0 -2.00708
0 -0.43596
3 1.29130
1 -0.67471
0 0.94290
5 1.56217
4 1.03778
2 1.20525
0 0.18103
2 0.45597
3 0.36134
4 0.01668
2 -0.10983
4 -0.88544
4 0.51878
5 2.60030
5 0.52103
1 -0.60499
4 -0.67922
0 0.99411
2 -0.36412
0 1.57733
4 -0.99426
3 -0.43238
1 -1.91702
0 1.12358
1 -1.30088
4 -1.20953
0 0.14938
2 0.00275
5 0.04431
0 0.64484
2 0.30675
5 0.41990
0 0.23544
5 -0.45960
1 -0.86228
3 -1.02325
1 -0.69593
0 -0.60777
0 -1.25629
3 -0.73663
1 0.03823
5 0.63958
1 -2.12076
3 1.09392
0 1.35166
5 0.94850
3 -0.70802
3 -0.53789
3 -0.67294
3 -1.17651
2 -0.39538
4 0.73988
2 -0.12412
0 0.00548
4 -0.73373
3 -0.97886
0 -1.32078
0 -0.53251
4 0.51706
5 0.07563
4 0.08162
4 0.05494
3 -0.37899
2 -0.53366
3 -1.01874
3 -0.26874
2 0.29487
4 1.95278
1 0.25357
5 -0.32327
5 -0.02727
2 -0.16030
3 1.20162
2 -0.00692
4 1.49554
1 0.38896
0 -0.08893
4 -0.54284
2 -0.42362
5 -0.01576
2 0.18677
0 1.33067
3 3.19438
4 0.78342
3 -0.74673
4 0.47999
5 1.63952
3 -0.64303
2 -0.30427
4 -1.19754
1 1.76833
4 -0.07170
4 0.73950
0 0.30777
2 -0.85203
4 -0.19638
2 0.13344
5 0.60989
1 -0.65453
0 -0.30316
0 -0.05424
3 -0.24537
1 -0.36710
1 -0.34646
1 -1.26816
0 0.63934
4 0.74866
2 1.82789
2 -0.51068
1 -1.87883
1 -0.31398
1 0.57916
4 2.23460
1 0.77262
0 -0.52812
4 0.29203
4 -0.13114
2 0.06222
0 0.68799
2 1.26066
2 1.05922
4 1.23600
0 -0.16839
1 -0.91844
2 0.42341
1 -1.68855
4 0.58775
4 0.32189
3 -0.80449
5 1.16543
2 0.41062
2 -0.39381
3 2.10805
1 -0.22544
5 0.33691
2 1.19091
0 -0.16207
5 -0.65869
5 -0.70270
4 -1.18292
1 -0.19716
0 0.01050
3 -0.96211
4 -0.51197
5 1.43457
4 -0.75832
2 0.56151
0 0.63432
0 0.63150
1 -0.57809
1 -1.34510
5 -1.05289
4 -1.83625
2 -0.65192
1 0.24172
5 0.24063
0 1.96617
5 0.61100
3 -0.51408
5 -0.50846
1 0.36842
2 -0.30868
2 0.26995
4 -2.13575
3 0.19029
4 0.35074
5 0.93298
0 -0.09108
2 0.65226
5 0.08185
5 0.11560
5 1.00794
4 2.63674
0 -0.02691
1 -0.77788
3 1.12567
3 2.77552
4 0.55003
1 -0.45985
3 0.78712
5 0.39992
3 -0.71829
5 1.63958
5 -0.14938
4 0.60085
0 1.02675
3 -0.43908
0 0.50036
3 0.08660
5 0.02647
4 1.14056
0 0.15907
2 -0.67413
2 -0.56159
3 1.69510
3 0.88526
4 -0.10753
1 -0.56434
3 0.32974
2 -0.21234
1 -0.56048
3 1.32212
3 -0.35435
3 -0.64365
5 0.84277
5 -0.02628
2 0.25703
5 0.26408
0 0.17178
4 0.78003
5 0.79806
1 0.20893
2 -0.88981
0 0.39897
3 -1.55408
1 -0.75209
1 -0.58766
5 0.46648
2 -0.53616
2 0.08789
4 -1.20692
2 -0.27170
0 -0.38995
5 0.08592
2 0.39783
2 -0.35006
3 -0.82316
1 -1.69731
5 -0.56040
4 0.51212
0 -1.73948
3 -0.79693
0 -0.80754
1 -0.14605
5 -0.45891
0 0.29384
1 -0.61328
1 0.05692
2 0.13731
2 0.08455
0 0.46842
4 -0.52068
0 0.91022
5 -2.20565
2 -0.09112
1 -2.94907
5 -0.94590
1 -0.11809
1 0.09873
1 2.91418
4 -0.34102
5 -0.48986
4 1.03683
2 0.86073
3 -0.83951
3 -0.96517
0 0.57652
3 0.26181
2 -0.10691
4 2.42746
2 0.14365
5 0.32960
1 -2.29671
0 0.32805
1 0.10806
3 0.26206
1 -0.27758
4 -1.69587
3 0.10839
2 1.13813
1 -0.52280
2 -0.07109
5 0.55245
2 0.86441
3 -0.19162
3 -0.26036
1 -0.16321
5 -0.12098
4 0.11347
1 -1.56709
3 -0.26489
4 1.37303
0 0.15062
3 1.26527
2 -0.28768
4 1.09220
4 1.79084
4 0.11757
4 0.31531
3 -0.84902
3 -0.85547
0 -0.73412
1 -1.97729
2 0.29144
0 0.04355
4 0.86952
4 0.52164
4 0.95876
2 -0.00443
3 -1.45644
0 0.75828
0 -0.28156
4 -0.24799
2 -0.59585
1 0.40959
5 -0.24279
2 0.12561
3 -0.32936
2 -0.33574
5 -0.24462
1 -0.80239
2 -0.99426
4 0.44666
2 -0.01692
4 0.31359
0 0.49129
4 0.33448
4 -0.82970
4 -0.43611
3 -0.44974
3 -0.52589
2 0.28167
3 -1.07060
0 0.21890
0 0.14316
1 2.75329
2 -0.06545
3 -0.14875
5 -0.78868
3 0.86764
4 -0.18345
5 0.84082
3 0.14195
3 -0.48255
3 -0.67437
1 -0.53345
3 -0.51790
3 -1.49777
1 -0.80582
5 -0.19400
1 0.73888
5 -1.04749
5 -0.07131
1 -0.83713
4 0.59483
1 0.03628
4 0.10712
5 -0.80927
3 0.40778
3 0.83343
0 1.05314
4 0.79395
0 -0.42156
0 0.11952
3 -0.24432
3 0.72103
3 0.15611
0 0.15689
0 0.93368
0 -0.28080
2 0.49259
2 -0.69759
3 0.32693
2 -0.30898
3 0.36792
1 4.08816
0 -0.11261
4 0.64318
3 -0.87875
5 -0.44726
5 0.76684
1 -0.87552
2 0.34076
1 -1.26135
5 -0.59142
1 -0.37604
5 -0.74563
3 -0.28576
0 0.84224
0 -0.69433
0 -0.50495
4 1.18797
2 -0.04896
0 0.45047
1 0.71078
0 0.26151
3 -0.69367
4 1.36141
1 0.86363
4 0.41079
1 -1.54775
2 -0.56369
3 -1.33813
3 -0.82717
0 0.51735
2 -0.40733
5 0.77480
0 -0.71042
3 2.48178
4 -0.72554
3 -0.86187
0 1.18380
0 -0.12832
3 -0.16213
5 0.59388
4 -0.04362
5 0.06735
1 -0.33497
0 0.24318
4 0.08719
1 0.63688
4 2.37512
2 -0.39668
3 -0.68873
0 0.30395
5 -0.09397
0 0.16915
2 -0.10522
4 0.14818
2 -0.03436
4 1.73316
1 -0.13255
4 -0.26588
0 0.42757
4 -0.88267
3 -0.61172
3 -0.92316
5 1.69126
1 -0.13025
2 -0.38361
0 0.15277
3 -0.78443
0 -0.43467
0 0.83338
2 -0.39808
5 -2.18184
2 0.05398
1 0.29493
5 -0.88431
1 -0.89761
1 -0.40852
1 -1.38985
5 0.06989
3 0.22254
0 0.06436
2 0.95582
2 -0.61493
2 -0.68353
4 1.55301
0 -0.63962
3 -0.64528
5 -0.57799
1 -0.26399
2 -0.13466
3 -0.80326
2 0.13466
2 2.96457
2 -0.53801
0 0.52288
0 0.59688
4 -0.68622
4 -0.62969
3 0.52296
5 0.47224
5 -0.03286
3 0.49081
3 -0.54874
3 -1.36988
4 0.45422
3 -0.90037
2 -1.58464
5 -0.22545
4 1.48716
3 -0.43624
2 -0.56396
3 -0.49042
0 0.23585
4 -0.07938
1 0.61583
1 0.19931
3 -0.62747
0 0.46090
0 0.10873
1 -0.53383
3 -0.78478
2 -0.29459
0 0.04112
1 0.15505
3 -0.42382
0 0.03896
1 -0.24867
5 0.18455
1 1.07372
0 0.75400
2 1.58763
1 -1.07243
4 -0.63497
5 0.67321
2 0.65699
3 -0.39767
3 -0.20677
2 -0.62884
3 -0.26603
2 -0.15750
3 0.05748
5 1.24321
3 0.62043
1 -0.48046
3 0.03611
2 -0.57499
1 -2.32527
3 0.24181
3 1.14777
2 -0.36805
5 -0.22807
0 -0.16357
3 -0.50512
1 1.70888
0 0.67282
3 0.20907
3 -0.67926
4 0.45297
1 -3.83823
3 -0.65809
2 0.46095
5 0.32698
2 1.62233
4 -1.24678
4 0.12514
5 0.39781
3 -0.27493
2 -0.42110
2 0.94940
0 -0.11222
1 -0.30911
1 -0.46019
0 -1.82685
2 0.12934
2 -0.36457
1 -0.15462
2 0.86209
2 -0.06094
2 -0.27260
1 -1.14255
0 0.30896
0 0.61453
4 -0.69669
5 0.01251
0 0.06382
5 -0.19269
0 0.14319
5 0.22456
5 -0.45665
1 -1.86850
3 0.80498
2 0.13068
4 -2.20254
0 -0.43791
4 -1.71868
5 0.66896
3 -0.02508
3 -0.91497
4 1.00714
4 -0.66140
2 0.32072
1 -1.15218
3 -0.23661
3 0.70602
1 -0.21668
1 -0.58518
3 -0.83969
2 0.93572
4 1.87180
3 -0.26818
5 1.05463
0 0.76429
0 0.37936
3 -0.08144
5 0.98871
3 0.63321
2 -0.76945
3 -0.78432
3 -1.04104
0 1.93665
2 -0.46856
3 0.80506
0 0.97308
1 -1.56101
3 -0.62641
3 0.27544
3 0.67095
4 -1.81755
0 -0.30593
5 -0.27711
0 0.78732
0 -0.78529
0 0.43780
0 0.05712
3 -0.17086
2 0.47195
0 0.22231
0 -0.27536
3 1.60770
5 -0.22436
4 -0.40240
1 -0.33670
1 -0.13278
5 -0.70612
5 -0.12935
3 -0.34558
5 1.09675
0 1.24123
0 -0.78222
0 -0.18979
0 -0.61451
1 -0.27398
0 -1.08487
0 -1.76782
4 0.94931
0 -0.32738
3 -0.66586
2 -0.12359
2 -0.29811
0 -1.24772
1 -0.13392
1 -1.08027
3 3.22114
0 0.61839
5 0.17618
2 0.21928
3 0.58659
3 -0.62127
4 0.62039
2 0.80698
2 -0.22021
4 -0.75422
1 -1.07799
0 1.11005
1 -0.30439
1 -0.96545
1 -0.52097
0 -0.30888
5 -0.21864
1 -1.00524
3 -0.11733
0 -0.12332
3 0.48690
5 0.35875
2 -0.73152
5 -0.83859
1 -0.70143
1 -0.10871
3 -0.51377
4 -0.49686
5 0.92462
0 0.67886
3 0.25098
1 -0.84907
2 -0.03019
3 0.22553
1 1.93783
4 -0.42820
2 -1.57179
3 0.89276
3 -0.37315
5 1.02510
0 0.48731
0 0.32150
0 1.16829
0 -0.23274
0 1.47059
3 -0.30301
3 -0.63368
3 0.24840
1 -0.69698
2 -0.33733
2 -0.43061
2 -0.19498
3 -0.63453
2 2.07575
4 0.63211
2 -0.24262
5 0.20851
2 -0.24432
4 0.15896
0 -0.52784
0 0.61663
1 -1.05313
5 -1.25800
5 -0.33033
1 -1.04885
3 -0.52882
3 -0.28381
5 0.29927
0 0.26387
1 -0.43259
3 -0.67179
5 -1.00027
0 0.76196
2 -0.14665
1 -0.41017
1 -1.09015
4 0.42209
5 -0.69546
1 -0.19569
3 -0.02811
3 -0.83573
1 -0.30834
0 -0.37518
1 -1.15770
1 -0.60681
3 0.19695
2 0.93784
2 -0.51771
3 -0.56981
3 -0.28763
0 -0.15196
0 0.52916
1 0.04071
1 -0.94649
3 1.10574
0 0.85770
0 -0.48298
5 0.18828
0 -0.25020
5 -1.59474
1 -0.08931
3 -0.27662
1 -0.66290
5 1.49009
4 1.28205
4 -3.21742
4 -0.34350
5 1.29046
2 -0.30870
5 -0.24799
1 -0.96700
2 -0.22976
3 0.14088
2 -0.72471
5 -0.50616
5 -0.19607
3 1.34845
2 0.22629
3 0.49157
3 0.83978
4 0.14636
4 0.05290
2 1.39804
5 0.79583
2 0.40436
3 -0.01567
5 -0.74259
2 -0.80964
3 -0.39638
4 0.26338
3 -0.95310
4 -0.36432
5 -0.66759
3 -0.15829
0 0.00736
2 -0.40132
2 -0.24859
4 1.00233
3 -0.79503
4 -0.45757
4 -0.70047
2 -1.08170
5 0.78776
2 -0.00391
1 -0.61719
0 0.24060
0 -3.62140
2 -0.61679
4 -0.17055
2 1.45735
5 -1.48973
3 -1.05765
5 1.86982
5 0.48484
3 -0.54066
0 1.03537
3 0.93735
3 -1.05187
2 -0.77442
3 -1.44905
2 0.37269
2 -0.52933
5 -0.03392
2 -0.54018
1 -0.11433
0 0.48437
0 0.63299
4 0.59007
2 0.55732
3 0.11618
3 0.42951
2 0.61404
3 0.58329
2 -0.32293
1 0.22346
5 -0.58218
2 -1.01982
1 1.99639
0 0.08914
1 0.80126
4 0.51963
4 0.26088
5 0.06720
5 -1.49986
1 -0.71242
2 0.12051
0 0.58799
3 -0.72396
4 -0.41434
4 -0.12518
4 -1.34896
4 -0.12565
4 0.14496
5 0.26268
0 0.26896
0 0.23229
0 0.06507
5 -2.06396
4 -0.79713
1 0.77321
3 0.07525
2 -0.14257
2 -0.26085
1 -0.82509
0 0.89522
3 -0.37530
4 -1.67053
0 0.42656
2 1.11304
4 0.17739
2 2.36895
1 -0.08932
2 -0.44137
5 -0.14903
0 0.13247
0 0.83802
5 -0.81590
1 -1.08671
0 1.00259
2 -0.17043
2 -0.28945
5 -1.07457
2 0.14803
5 -0.12575
4 -0.01389
3 0.80690
5 -0.88030
5 -2.06845
5 -0.36935
5 0.41212
4 1.35400
4 1.72409
3 -0.64299
5 -0.91928
3 0.09851
2 -0.48804
3 0.66043
0 -0.21158
4 -2.44440
2 -0.32700
3 -0.01160
5 -0.09152
5 -0.37265
0 -0.28024
1 -0.54026
5 0.02733
5 0.56457
0 -1.49455
2 -0.35182
2 0.44210
4 0.69690
4 -1.61960
1 1.07057
5 -0.57639
1 0.70141
2 0.14354
4 -2.25714
0 -0.21701
1 -0.69436
0 -0.56690
4 0.78492
5 1.42257
4 -0.46434
1 -1.71485
0 0.71008
2 0.18020
1 -1.00982
5 0.89918
2 0.45879
3 -0.23904
1 -0.05162
3 0.46420
2 0.04928
0 0.68868
5 1.73404
1 -0.99532
1 -0.82634
1 -0.43562
1 -0.32109
3 0.64464
3 1.82289
1 -0.33782
3 -0.33127
2 -0.66226
3 -0.55358
1 -1.47491
4 0.13458
4 1.02006
4 -0.22743
4 -0.24444
3 0.97295
4 -0.69869
4 1.10200
4 0.79768
5 0.47523
4 -0.40614
5 -0.40025
1 -0.21763
1 -0.48793
1 0.99861
1 -0.62057
3 -0.29703
5 -0.02668
1 -0.48772
2 -0.18417
5 -0.30520
5 1.13731
3 -0.50334
0 2.28879
0 -0.73481
2 -0.40908
0 0.09210
3 0.57576
5 3.03076
1 -0.29407
4 -1.34405
5 -1.15858
5 -0.43309
2 -0.33145
0 0.98262
2 -0.37827
1 -0.79071
4 1.53669
3 -0.19103
2 0.22455
5 0.52007
5 0.13054
0 -0.64284
2 -0.05629
1 -0.52797
4 1.21175
3 0.13976
4 -1.86974
3 -0.80600
3 -0.15487
3 2.11626
0 -0.16318
5 -0.44312
2 -0.29554
0 -1.25919
2 -0.76731
1 0.12228
3 -0.10704
1 -0.85297
2 -0.02410
4 0.51922
1 -1.11652
5 -0.27708
0 -0.29569
4 0.03283
3 -0.26196
1 -0.39552
4 -2.49115
3 -0.62415
1 -1.16495
5 -0.10873
0 -0.49427
4 2.35214
2 -0.14166
4 -0.13980
2 -0.28580
4 -0.67291
1 -0.91169
3 2.79881
0 -0.19875
0 2.69462
5 -0.35947
5 1.41384
4 1.45229
4 0.39793
1 -0.82526
2 -0.06067
5 0.56789
0 -0.04284
0 -1.73582
3 -1.03581
4 1.43864
1 0.69001
0 0.44474
4 0.42731
1 -0.47656
2 1.72407
0 0.41358
2 0.94127
3 0.54961
2 -0.70994
2 -0.64575
0 -0.31188
3 -0.44776
3 0.42388
0 -2.25008
4 -0.82102
5 0.52213
3 0.22351
2 1.13526
4 1.30920
2 -0.35699
1 -1.14793
0 -0.66222
1 -0.41738
1 -1.10670
5 -0.91276
5 0.30762
4 0.78183
5 -1.36472
5 1.26147
5 2.61390
2 -0.62190
2 -0.32044
2 0.48713
0 0.16692
5 -0.69120
0 0.72873
4 -1.44744
3 0.02280
1 -0.47150
1 0.24926
5 1.27377
0 -0.05266
3 -0.32421
2 1.09207
3 0.72995
3 -0.76208
2 0.86142
2 0.73035
2 0.95334
2 -0.54977
4 -0.35134
1 0.23386
3 -0.31063
3 -0.40770
2 -0.15788
0 1.72094
4 0.14750
1 1.66249
1 -0.36507
3 0.50562
5 0.85740
4 1.33311
0 0.41054
4 -0.10478
0 1.14020
1 -0.89649
0 2.06239
0 0.24575
3 -0.09156
0 -0.03893
0 0.17733
1 0.41121
5 0.32612
4 -1.01945
5 1.86820
5 -0.39612
4 0.10766
3 -0.14230
4 2.61323
4 1.13997
4 -0.85804
4 0.08538
5 0.04318
5 -0.21904
0 1.23512
3 -0.07616
5 1.53667
1 -1.23121
5 2.42709
2 -0.60311
5 -0.69790
3 -0.43781
3 -0.21677
4 0.12595
0 -0.46098
5 1.87524
1 -0.82119
2 -0.43806
2 2.00076
2 -0.00564
0 0.38889
3 -0.55866
3 -0.09266
5 -0.67829
0 0.79689
4 0.39171
3 0.27934
1 -0.54820
3 -0.94218
4 0.12215
5 1.35713
4 0.48480
3 -0.92950
4 2.48223
1 -0.35252
1 0.14722
2 0.88382
5 -0.02384
4 0.51489
4 0.06682
1 -0.87320
0 -0.20490
5 -1.10782
1 -0.84735
2 -0.75901
5 -0.71569
4 -0.05962
1 0.08690
3 -0.87143
3 -0.42286
0 -0.60602
0 0.20535
3 0.25425
4 0.16743
2 -0.27495
5 -0.53495
3 -0.66778
2 -0.75930
3 -0.90390
1 -2.48068
2 2.26824
5 -0.28678
2 -0.37300
2 2.02295
5 -0.40939
3 -0.13600
0 -0.81764
4 -0.90139
5 -0.64907
5 -0.03400
5 -0.22388
1 -0.38259
2 1.18132
2 0.11039
5 0.08370
4 -0.10428
3 -0.82286
4 -0.55236
1 0.63685
2 0.68824
4 0.15211
5 0.00760
4 -0.25671
1 -0.00998
5 -0.46128
2 0.00622
0 0.28983
2 0.66347
4 -0.04493
5 -1.07195
1 0.16276
2 -0.54545
0 -0.14183
4 0.02522
5 2.44678
0 0.29231
2 -0.01034
1 1.23497
0 -0.10747
1 -0.51631
5 -0.54232
0 -0.47824
5 1.25624
4 0.36582
1 -0.69940
1 0.45379
1 -1.25328
5 2.70459
2 -0.67551
2 -0.02666
4 -0.55325
1 -0.50159
0 -0.10604
5 -0.86165
3 0.16163
0 -0.44448
3 -0.46207
5 -0.02559
3 -0.05710
3 -0.17932
5 0.11905
5 -0.02955
4 1.46112
2 0.74621
1 0.48771
1 -0.45699
0 0.89090
3 -0.53651
0 0.63421
5 -1.52353
0 -0.24085
4 -0.26408
1 -0.75159
4 0.07681
5 0.31504
2 -0.00069
4 -0.44730
1 -1.40016
3 -1.03365
2 2.03291
1 0.41886
0 0.18400
1 -0.32781
3 -0.32323
5 -0.66041
3 0.46899
4 -0.65347
4 -2.65203
0 -0.34805
5 -1.46440
3 -0.73899
1 1.46749
5 0.60189
1 -0.38564
5 0.92438
0 -0.32781
2 -0.08008
3 -0.73778
4 0.47916
5 1.28657
1 -0.86740
5 2.62476
1 2.43233
3 -0.43574
4 0.66244
1 0.09225
1 -0.46937
5 -0.95059
2 -0.05271
5 -0.38476
1 -0.51540
0 0.13400
3 0.91914
1 -0.34259
2 0.00204
3 -0.11487
3 0.34651
0 1.75202
3 1.22574
3 -0.61964
0 -0.45182
2 -0.19451
5 -0.05852
3 -0.53632
0 -1.88445
0 0.14486
3 0.35914
5 0.73811
0 0.58330
2 0.46498
4 0.90870
2 -0.05811
5 -0.41105
1 -0.12553
2 -0.34424
4 0.62803
1 -0.94229
3 1.02109
5 0.28666
2 1.28552
5 0.19604
4 0.34238
3 -0.54224
4 -0.55497
1 0.38368
5 0.40957
3 -0.59488
4 -0.89127
2 0.04729
3 -0.45111
0 -2.37045
3 -1.04045
5 -0.17398
4 -0.10887
4 0.85854
0 -1.35625
3 -0.31443
5 0.07171
2 0.97122
5 0.51992
2 -0.40972
5 -0.95403
2 -0.55707
1 -2.43487
2 -0.45566
0 -0.57519
1 0.48896
5 -0.56213
4 1.18177
1 -1.26879
0 0.16291
5 0.12657
3 -0.00540
3 -0.78357
1 -0.66449
3 2.44940
0 2.28702
1 -0.51869
3 -0.11090
5 -0.02735
2 -0.32344
3 -1.22612
4 0.12201
1 -1.72522
4 -1.50790
4 1.63823
0 -2.72401
5 0.08793
0 0.49558
4 0.28613
4 0.25693
5 0.81503
3 -0.84697
3 -0.31306
4 0.44358
4 1.18377
2 0.28339
0 -0.17652
4 -0.82572
3 -0.09326
2 -0.53516
5 0.36305
4 0.40080
2 -0.52452
4 0.30025
3 -0.70601
3 -0.37317
1 3.05312
2 -0.37672
1 -0.46501
1 1.36840
3 -0.63114
5 -0.29848
1 0.85353
0 -0.52696
3 -0.44744
2 0.62282
2 -0.06621
5 -0.02207
1 -0.19499
1 0.62816
0 -1.70114
4 -1.48448
3 0.32472
2 -0.49521
0 0.42634
0 0.15173
3 0.66786
3 -0.67600
2 -0.26494
1 -0.43918
5 0.41625
5 0.47557
1 -0.61448
3 -0.85470
4 -0.41271
2 -0.51731
1 0.00577
5 0.73326
2 0.39713
0 0.53854
3 -1.40354
3 0.59099
2 0.14154
3 0.43128
4 0.23637
4 0.35250
5 2.24488
5 0.51423
0 1.49599
4 -0.32458
1 -0.17851
0 0.09790
3 -0.23183
1 -0.46994
0 0.68996
4 0.22196
4 0.21942
5 -0.24608
0 -0.34024
5 0.56515
2 0.14846
1 -0.39601
1 -1.09982
0 2.26101
3 -0.80695
0 1.97945
1 -1.06155
3 -0.25916
0 0.52647
4 1.52691
0 -0.41661
4 0.24572
2 -0.37619
1 0.31271
4 -0.38878
4 0.89114
3 0.22375
2 -0.20487
1 -0.83320
1 -0.68560
4 0.22211
3 0.35111
1 -0.31230
3 -0.08179
5 0.23321
5 0.72118
1 -0.35195
4 -1.00735
2 -0.19695
0 0.44971
2 -0.31244
0 0.09376
0 0.27287
3 1.43023
0 -1.36873
5 -0.11293
3 0.07046
0 -0.28929
5 -0.04774
3 -0.54075
4 0.25289
4 -0.27228
0 -0.82670
1 -0.74101
2 -0.58159
1 1.43168
0 -0.45331
0 0.44024
0 -1.25907
1 -0.52776
0 0.20376
3 -0.62481
4 -0.19471
4 0.34716
5 0.09176
2 -0.24724
2 -0.77393
2 -0.43947
1 -2.30491
3 -0.66498
2 1.18643
1 -0.22196
5 -0.12670
3 -0.96098
1 1.88336
2 -1.90495
2 -0.41078
