1          1          1         92
1          1          1         96
1          1          2         97
1          1          3         96
1          1          3         99
1          1          3        100
1          1          4         95
1          1          4        101
1          1          4        102
1          1          5         97
1          1          5        100
1          1          5        102
1          1          6         95
1          1          6        100
1          1          6        102
1          5          1         52
1          5          2         46
1          5          2         51
1          5          3         46
1          5          3         51
1          5          4         43
1          5          4         52
1          5          5         51
1          5          6         46
1          5          6         50
2          1          1         45
2          1          2         44
2          1          2         46
2          1          3         45
2          1          4         46
2          1          6         46
2          1          6         47
4          2          5          7
4          3          2         97
4          3          2         98
4          3          2        102
4          3          2        103
4          3          3         96
4          3          3         97
4          3          3        101
4          3          3        102
4          3          4         92
4          3          4         97
4          3          4        101
4          3          4        102
4          3          6         92
4          3          6         95
4          3          6         99
4          3          6        100
4          5          3         70
4          5          4         70
4          5          6         71
4          6          1         77
4          6          3         74
4          6          4         75
4          6          5         76
4          6          6         80
5          3          1         91
5          3          1         92
5          3          2         93
5          3          2         96
5          3          3         91
5          3          3         94
5          3          4         94
5          3          4         95
5          3          4         97
5          3          4         98
5          3          5         92
5          3          5         96
5          3          6         92
5          3          6         96
6          2          1         39
6          2          1         40
6          2          2         39
6          2          3         42
6          2          4         42
6          2          4         43
6          2          5         38
6          2          5         42
6          5          1         52
6          5          1         57
6          5          2         70
6          5          2         73
6          5          3         51
6          5          3         52
6          5          3         61
6          5          3         62
6          5          3         73
6          5          4         56
6          5          4         57
6          5          4         60
6          5          4         62
6          5          4         70
6          5          4         74
6          5          5         51
6          5          5         59
6          5          5         71
6          5          5         72
6          5          6         54
6          5          6         58
6          6          1         69
6          6          1         70
6          6          1         75
6          6          2         69
6          6          2         75
6          6          2         79
6          6          3         68
6          6          3         70
6          6          3         75
6          6          4         72
6          6          4         74
6          6          4         76
6          6          5         71
6          6          5         74
6          6          5         77
6          6          6         78
1          1          2         93
1          1          3         93
1          1          4         93
1          1          5         93
1          1          6         94
1          2          1         90
1          2          2         91
1          2          3         91
1          2          4         92
1          2          5         92
1          2          6         93
1          2          1        103
1          2          2        104
1          2          3        104
1          2          4        104
1          2          5        104
1          2          6        105
1          3          1        106
1          3          2        107
1          3          3        107
1          3          4        107
1          3          5        107
1          3          6        108
1          4          1         98
1          4          3         98
1          4          4         99
1          4          5         98
1          4          6         99
1          5          2          9
1          5          3          9
1          5          5          9
1          5          6         10
1          5          1         43
1          5          2         44
1          5          3         43
1          5          4         44
1          5          5         43
1          5          5         44
1          5          6         45
1          5          2         49
1          5          3         49
1          5          4         49
1          5          5         48
1          5          6         49
1          5          2         97
1          5          3         97
1          5          4         97
1          5          5         97
1          5          6         98
1          6          1         89
1          6          2         90
1          6          3         89
1          6          4         90
1          6          5         90
1          6          6         90
2          2          1         46
2          2          2         46
2          2          3         46
2          2          4         46
2          2          4         47
2          2          5         46
2          3          1         63
2          3          2         64
2          3          3         64
2          3          4         65
2          3          5         65
2          3          6         66
2          4          2         69
2          4          2         70
2          4          3         69
2          4          3         70
2          4          4         71
2          4          5         71
3          5          2         36
3          5          2         37
3          5          3         35
3          5          3         36
3          5          4         36
3          5          4         37
3          5          5         36
3          5          6         35
4          1          1         52
4          1          2         53
4          1          3         53
4          1          4         53
4          1          5         53
4          1          6         53
4          2          1         10
4          2          2         10
4          2          3          9
4          2          4          9
4          2          4         10
4          2          5          9
4          2          6          9
4          2          1         56
4          2          2         57
4          2          4         57
4          2          5         57
4          2          6         57
4          3          1          8
4          3          2          8
4          3          2          9
4          3          3          7
4          3          3          8
4          3          4          8
4          3          5          7
4          3          6          7
4          3          1         62
4          3          2         62
4          3          2         63
4          3          3         62
4          3          4         63
4          3          5         63
4          3          6         63
4          3          6         64
4          4          1          8
4          4          2          8
4          4          3          8
4          4          4          8
4          4          5          7
4          4          6          7
4          4          1         66
4          4          2         67
4          4          3         67
4          4          6         68
4          4          1         83
4          4          2         84
4          4          2         85
4          4          4         84
4          4          5         84
4          5          1          5
4          5          2          5
4          5          3          4
4          5          4          4
4          5          4          5
4          5          5          4
4          5          6          4
4          5          1         73
4          5          2         73
4          5          2         74
4          5          3         73
4          5          4         74
4          5          5         74
4          5          6         75
4          6          1          5
4          6          2          5
4          6          3          4
4          6          4          4
4          6          5          3
4          6          6          4
4          6          2         78
4          6          3         78
4          6          4         79
4          6          5         79
5          1          1        102
5          1          2        103
5          1          3        102
5          1          5        102
5          2          1         24
5          2          2         24
5          2          3         23
5          2          4         24
5          2          5         23
5          2          6         23
5          5          1         15
5          5          1         16
5          5          2         16
5          5          3         15
5          5          4         15
5          5          5         14
5          5          6         16
6          2          1         35
6          2          1         36
6          2          2         36
6          2          3         36
6          2          4         36
6          5          1         47
6          5          2         48
6          5          4         48
6          5          5         47
6          6          1         91
6          6          2         92
6          6          2         93
6          6          3         93
6          6          3         94
6          6          4         95
6          6          5         95
6          6          6         96 
