0.06048
0.1568
2.21984
3.0072
-1.92192
0.7392
-0.98
0.52752
1.1816
-0.5544
1.44032
-2.1504
-3.7856
2.38896
-0.40544
0.36176
1.24096
-2.14592
0.85232
-0.9072
1.04048
-2.53792
1.48288
-0.01568
-0.12432
2.39008
-1.90512
-1.20512
-2.41696
0.34496
1.20848
3.67136
0.72576
0.60928
-0.45584
-0.9464
-0.46592
2.23776
-0.50512
-0.02912
0.92848
1.52096
1.26336
-2.56256
2.3184
-0.99904
1.53104
-1.932
-1.11776
-1.16928
2.76304
3.02512
1.46944
1.1872
-1.69344
1.35408
1.55904
-1.51424
0.98448
-0.0504
4.14624
0.17696
-0.78176
-0.18032
-2.0888
-0.19264
-0.08064
-3.05984
0.6104
0.14112
-1.44032
-0.06272
-1.37984
3.45408
2.56592
-0.36624
-4.35904
-1.51872
-0.00224
0.55328
2.2568
0.34608
1.15024
-1.94768
0.51744
0.02576
-1.00912
3.28944
1.43136
1.12112
-1.49072
-0.81536
-0.0728
0.7112
-2.24784
-1.29696
-1.03152
0.16128
1.98576
0.44576
-2.42144
-1.58368
-0.20272
-0.04032
0.75712
4.25936
-0.36288
0.03808
1.53888
1.67104
-0.93184
0.42112
0.37408
1.21408
-4.62784
0.34944
-0.61376
0.50064
0.91168
1.05504
-2.0552
-2.44944
2.55472
0.36288
-1.16592
0.10528
3.2088
0.64512
-1.56128
0.0336
-1.97904
-0.028
2.54688
-0.21616
1.42016
-2.78432
-0.9744
-0.3584
0.23072
-3.09344
-0.29568
0.32144
0.0616
-1.37984
-0.30016
-1.07744
0.99904
1.39328
0.11088
0.06384
-0.23072
-1.98576
2.54016
0.37744
0.59696
-4.85744
2.06528
3.60976
-1.51088
-3.31632
-4.64128
-0.84224
-0.79632
-2.57264
-1.51648
-1.20064
-1.18384
0.20944
0.15456
-0.05152
1.79312
2.59728
1.876
-0.89376
-0.43904
-0.90048
-1.77856
-0.90832
-1.3776
0.21056
-0.55664
1.93872
-1.67888
2.06416
1.88048
0.78512
0.53984
2.36208
3.09904
0.42
-0.41664
0.42224
0.67088
2.16832
0.77504
-0.924
-1.0136
0.8848
-1.7696
5.17216
-0.728
0.12992
0.37408
-1.93872
2.44272
2.19968
-2.75408
-2.39456
-1.06064
-1.23984
-2.55136
2.91984
2.78208
1.74832
0.32592
-0.16576
3.77328
-0.29568
3.30288
-1.02368
-0.07392
4.03872
0.29008
-1.03152
-0.476
0.61712
0.09072
5.99536
0.50064
-0.55216
1.04048
-0.04256
1.69792
0.68432
-0.43344
-0.76496
3.10016
0.88704
1.6184
-1.55904
1.61168
-0.22512
-1.46944
-0.00672
-3.54256
3.7744
-1.2656
1.20288
-0.46592
-0.52864
0.39648
-0.2912
0.63616
-0.38304
3.61984
-1.59264
-0.40208
-3.49104
0.62944
-0.73584
1.31376
1.29472
1.64304
0.19264
-0.99568
0.46144
1.14912
1.14464
-0.85008
0.50064
-2.46288
-1.95664
-1.87264
2.22096
0.31472
-0.7336
1.08864
3.71504
-2.03056
-3.65792
0.3248
3.5952
-1.99472
1.652
0.92288
-0.72688
-3.37568
0.46704
1.56688
0.50736
-0.06944
4.98624
0.68432
2.324
-1.60608
0.64848
-0.56448
2.03392
-1.45824
-3.46976
1.43136
1.8536
-0.79968
-3.2984
-1.66432
-2.87392
-1.90288
-1.78976
-0.20608
-1.3832
0.30464
0.13552
0.24304
-2.2344
-0.06944
-1.27344
0.83216
-0.97216
-0.756
-1.4168
-1.88272
1.11776
0.9912
-1.8424
-0.5264
3.3936
-0.28112
-0.15568
-1.21856
0.20832
-1.13904
0.76384
0.09968
-2.52336
-0.36288
0.05376
-1.08304
1.87376
-0.12992
0.23296
-1.54672
0.00448
2.47856
-2.42256
-2.12464
0.3024
-1.46048
-0.39984
-1.1312
-0.29232
2.49424
-1.1536
-1.91296
1.05728
1.52656
0.9744
0.1288
3.72512
-3.06656
-0.67872
-0.58128
-1.88944
1.3328
4.02416
1.29136
2.92656
0.21952
-1.24992
1.7024
-1.1704
0.85904
-2.32512
-0.99008
4.05664
-2.19072
2.25456
-2.41248
-1.50192
-0.17136
2.78432
-1.24656
-1.58144
2.90752
-0.51856
0.96208
-0.12656
1.7416
-0.17808
-0.3136
2.09552
-3.08896
-1.41008
0.50288
0.06944
1.5568
-0.74144
1.86816
-3.13376
-1.1928
-2.00816
-0.39984
-1.4672
0.18032
-0.08736
-0.72352
0.336
3.11136
-0.756
2.02944
-1.11664
-1.81664
3.66464
0.37296
1.98352
1.00576
-2.09776
-2.01936
-3.41488
-1.71584
-1.20848
-1.42464
1.1256
-3.66688
0.53424
1.31376
-0.1288
3.71616
2.85376
1.76064
0.89264
-0.97552
-0.76608
1.92192
0.42784
0.26208
-0.30352
1.31712
2.16608
3.6176
-3.6232
0.08064
0.63952
1.44592
-1.86144
-2.5424
-0.90496
2.27136
0.12208
-0.73696
-1.0472
2.26688
0.41776
0.32592
-2.35312
-3.45408
-0.8288
-1.30368
-1.20624
0
0.15792
-0.34496
2.81344
2.48864
-0.28336
-2.01712
-2.45952
-0.42336
3.60416
-0.84448
0.95648
0.81872
0.96208
2.25232
-0.7952
-0.08176
0.2744
-3.00608
0.16016
1.89952
5.52832
-0.19152
-1.81104
-1.16704
0.82656
-1.81888
-0.98336
1.47728
-1.54784
0.53088
1.49184
-2.44944
-0.52752
-1.02368
4.86528
-2.42368
2.34528
-0.54992
3.04304
-1.63632
0.93856
2.576
-2.07424
-1.0696
2.33632
2.28256
1.9712
-0.7168
1.53328
-0.58912
-1.26448
-4.3848
-0.92064
0.93296
5.00304
-2.5312
2.54576
-3.70944
1.46944
-0.51968
-0.0112
-0.52752
-2.12912
-0.11536
-0.05264
0.30128
-2.21984
-0.336
1.652
-1.08416
0.21616
3.97712
4.96608
-0.09296
-0.86464
1.18944
6.0704
0.32704
-2.9848
2.80896
-1.28016
-1.30592
-0.63504
-0.50848
-0.448
-1.17488
2.95008
0.85232
0.8904
1.1704
0.78736
2.61968
-0.70112
0.0336
1.96
-1.57584
-2.79888
-2.35648
1.52096
-0.74144
-0.3192
-1.74272
-1.06512
-0.8456
0.5208
0.67312
0.23072
1.71808
-3.13152
-1.22192
-0.39984
-1.21856
1.73824
0.77952
-1.00912
1.0976
0.30016
1.00352
-0.85568
-2.05968
1.45152
-3.54144
-1.3664
-1.0696
0.01008
0.38976
-4.5304
2.0216
-0.16464
-0.70336
-1.84128
-0.61264
-0.22848
-2.21872
1.50304
-0.72688
-1.67664
1.54896
0.27104
2.26464
-0.18368
2.8448
-4.55728
1.2376
-2.8392
1.3048
-0.00336
0.7784
-2.95568
2.98928
-0.81648
-0.86352
-1.99696
1.92304
-1.27344
-0.34048
-3.21552
2.84032
1.59936
1.48288
0.7
2.56704
1.27904
3.1248
0.26096
-0.36848
-3.57168
-0.2296
-1.97232
-1.596
-0.65184
1.98912
-0.62384
0.32704
0.51744
0.33376
1.53328
-0.34496
-0.94192
0.4592
-1.74608
0.55552
0.06832
-0.30464
0.32816
1.71136
-3.74864
2.37888
-0.51744
-1.0752
-1.1928
0.5992
0.32144
-1.20288
0.36064
0.47376
-2.29376
-0.476
1.53216
0.51968
1.44368
0.67648
2.99376
-0.0168
3.46528
-0.13104
-1.78304
-2.24784
0.52752
-2.11232
0.3864
1.1704
0.91952
0.62048
-0.64064
1.09312
-0.14672
0.7392
-0.19712
-1.31824
-2.6208
-0.57232
-0.27888
0.59024
2.0048
0.4928
1.55008
-2.22432
0.64288
3.03184
3.51008
1.54112
-4.0432
2.91984
0.82544
0.27104
-0.06832
1.90288
1.35408
1.74272
-1.8088
1.50976
1.232
0.66976
1.27904
3.16848
1.80208
0.71568
1.29808
1.18608
0.91392
3.02064
-1.63184
-1.03488
0.3192
1.14128
-1.65088
0.0504
1.94992
-0.66528
-0.07168
-0.5936
-2.46736
-2.30496
2.04736
2.36544
4.25264
0.89488
0.45248
-4.84624
-1.50528
-0.4816
-2.29488
-2.044
-1.86032
0.93296
1.42128
0.72576
2.00592
2.1224
3.49216
0.1848
-2.40128
0.09744
-2.26128
0.91616
-0.15456
-3.4664
-0.68544
-0.19712
-1.07072
0.85008
-2.2176
-0.04704
-0.28224
3.60528
-2.18176
0.04144
-5.40512
-1.7528
0.11648
-0.88032
1.20512
-1.37088
4.1776
-2.47184
1.1424
2.5424
2.70144
0.6048
1.176
-1.85024
-0.68432
0.2184
2.5088
-1.06624
-3.67248
0.27664
3.11024
-1.57024
0.68208
1.35744
-0.98
4.08688
-0.55216
-2.184
0.35504
0.94192
-0.67424
1.6128
3.8472
0.38528
4.40048
1.55232
-3.29728
-2.34416
1.5344
1.11776
-0.00784
-0.29232
-0.01456
-0.96096
-0.06944
-1.4952
2.41472
0.24416
1.20848
1.55792
-0.55664
-0.64288
-2.94224
0.1456
0.28784
1.08528
0.58576
-0.23744
0.94528
-2.54016
2.2176
2.66672
-1.24432
1.06288
0.29904
-0.03696
0.53984
1.86704
0.2912
-1.04048
-0.03136
0.54208
2.75296
-1.13904
3.2816
0.79632
-2.08768
1.89504
2.17168
1.16928
-1.41456
-2.43488
-0.83328
1.8536
0.44016
1.52208
-1.91744
1.29248
0.96096
0.14672
0.68992
-2.28144
0.80864
-4.8552
0.1344
3.32304
-2.8672
-1.20736
0.76384
0.80528
2.41472
-0.2968
1.624
-0.75936
0.32816
0.45584
-3.15168
1.81776
2.5144
-1.16928
-1.65536
-2.72048
-0.4256
1.12672
0.30128
0.68768
-2.40016
-0.08176
0.74928
-0.81424
1.19168
-1.8816
0.34384
-0.08064
3.31072
1.40112
-0.5096
-0.0952
3.6288
-5.66384
0.2912
0.69888
0.13552
0.71792
-4.65136
-1.6464
1.78416
0.7056
1.07296
-0.53536
-0.19376
-1.4448
-2.0664
-0.86128
0.57568
1.11664
-1.25328
0.38192
1.46608
-0.0728
-1.9264
1.78192
1.55008
0.07056
-0.90048
1.33728
-1.5624
3.99168
2.79328
-0.01456
-0.06832
0.44576
-0.00672
-1.70128
2.96016
-2.43488
-4.25712
1.07744
0.70784
-1.93872
-1.20848
1.12
3.83376
-2.16832
3.22
-0.99568
-1.20288
-0.63056
-2.60624
1.00576
1.26
1.35408
-0.07952
0.03136
1.8032
0.13328
-0.23632
2.29936
-4.49792
-0.89264
2.43376
-0.21168
-2.1896
0.47264
-2.85264
-1.18608
1.30032
1.35184
-0.07616
0.60928
-0.67312
1.31712
0.78736
1.27008
-0.37632
-0.60928
0.26544
-0.04816
-2.20752
-0.59024
1.32272
2.42704
0.37184
-0.52752
0.12544
-0.78624
-2.28704
-2.37328
-2.3856
-0.41552
1.17264
3.61984
-2.37328
0.41552
1.41792
-0.6608
-0.53648
0.41888
0.5152
-1.21856
0.756
-1.9488
0.39088
0.05152
-0.91952
2.01376
-0.07504
-1.71808
-0.92064
-0.9688
-0.29792
0.63728
3.33088
0.66528
1.01472
-0.16464
-1.72928
-1.2824
3.17856
-0.05712
-2.32288
-1.80096
-2.87616
-1.65312
-0.8736
2.60736
-0.64176
0.76944
3.56272
1.54896
-1.55232
-1.50192
-3.29168
-1.1536
-1.55008
-1.42688
2.10112
1.85024
1.28688
0.11088
0.88816
1.596
-2.06416
0.1904
-0.30576
0.6104
4.34448
3.91216
-0.42336
-1.82896
-2.11008
0.65072
2.93888
1.37536
-0.23856
1.5344
-2.27472
-1.848
1.3384
-1.22528
-0.5936
-2.70256
-1.88048
-2.37776
1.71808
-2.12576
2.71376
-1.21184
-2.04176
0.504
-1.96448
2.00592
-0.68656
1.69456
-0.23184
0.8904
3.31856
-2.5144
-0.99792
-2.38784
2.30272
1.94096
-0.03024
1.43248
0.20944
-2.64096
1.38544
0.01792
-0.52976
1.8872
-1.72032
0.96544
-1.74496
-0.56336
-0.82656
0.66304
-0.09968
1.78528
0.40432
-0.1288
-1.36528
-0.67312
1.68672
3.54704
2.79104
0.08176
-0.93632
5.17776
0.89488
2.51888
-2.32176
-0.6048
0.30912
1.23872
1.71248
0.51072
1.05504
1.42016
0.70336
-1.00352
1.1312
2.75744
0.49168
1.67888
-1.01808
2.48752
-0.20384
-2.02496
-2.49872
-0.6608
4.48784
0.81536
-0.54544
0.0896
1.62624
1.96
1.44592
-0.44352
-1.0416
2.92432
1.74608
0.45808
1.61056
0.23184
0.31472
-1.0024
-1.52208
0.53984
1.2096
-3.58176
0.73808
-2.01152
1.45376
-1.56576
-1.4392
-2.19744
2.40352
-0.13776
1.42464
0.10304
-2.11232
-4.15408
-0.55104
1.67216
-0.96544
-0.7896
-0.96432
-0.9856
-1.11776
-3.70048
0.75936
1.07856
-0.29456
-0.01344
-0.27104
-0.252
-0.54432
-0.97328
1.20848
2.33184
0.22064
-1.71472
0.81312
0.00336
-2.28256
-1.40896
4.676
0.3472
1.3272
2.57936
0.1456
-0.34832
0.728
0.00448
-0.68992
-0.22848
-0.39648
-1.27008
-0.56224
2.15712
-1.06736
-0.01904
-0.91056
-0.36064
0.06384
0.76832
-0.54096
1.13008
-1.76176
0.0336
-2.35872
1.1088
-0.56448
-0.94192
1.09088
3.02288
1.932
1.19728
-3.23232
3.20656
1.28576
-0.61152
0.83888
-0.72576
-0.78736
2.07424
-1.20512
-2.19072
0.97216
0.112
-0.91168
2.19632
1.00352
-1.75504
-1.65424
1.94768
1.72704
-2.99936
0.55888
0.32032
-1.15696
-0.58352
-0.9408
-0.21056
-1.6184
-2.32176
4.33104
1.71248
-0.72016
0.3752
1.596
-0.16912
0.0672
1.69568
-1.34064
3.70944
1.50976
-1.23088
-3.61088
0.74144
0.89152
0.9632
1.76624
2.05632
1.52768
1.24432
2.12352
0.94528
1.94208
0.5936
2.44496
0.3192
-2.4584
0.93744
1.10768
-2.75296
0.77952
-3.24464
-0.1008
3.89088
0.08512
-0.52864
-0.15568
1.69568
1.43472
1.49184
0.49168
1.26224
-1.16928
-3.11584
1.43472
0.42112
-2.42704
0.64736
2.45952
-0.9128
1.46496
0.5768
-0.48608
0.51296
-0.86352
-2.88624
3.60864
0.69104
-2.05184
-1.82336
-1.11104
-1.02256
-2.268
2.7272
0.10304
-0.18816
2.71264
-3.80912
-0.1456
0.11872
-3.2144
0.36176
1.15248
0.83664
-0.49728
-3.02848
-0.70896
1.16368
-0.47376
0.31696
1.98352
0.5992
-1.2992
-0.37408
-0.00896
1.90848
-0.68768
0.28672
2.1728
0.08176
1.25776
1.5288
-1.05392
1.00912
0.94416
-0.5376
-1.37088
-2.84032
-1.4056
-2.3408
-2.41696
2.44048
-2.31952
0.42
-0.60592
0.05936
-0.48496
1.1032
1.58928
-1.18272
-1.79648
1.07184
-3.73408
1.46608
0.25312
-1.3104
2.60736
-2.19408
-1.46384
1.79312
1.82112
-2.1168
-0.59248
1.07072
-1.2376
-1.90176
0.9016
1.54448
-1.6744
0.62384
-0.52304
-1.43248
0.42672
-1.38656
-2.5088
1.372
0.48944
2.63536
-0.87696
-0.47488
-4.81824
1.63968
-1.81104
0.50848
-0.00336
0.96992
-2.32064
0.2408
2.47856
-1.48512
0.57904
-0.77616
0.63616
-1.52432
2.17392
2.43936
0.1624
4.4912
-0.68656
-2.82352
2.70032
1.62848
-0.41776
-0.46816
3.40144
-1.75168
0.7056
0.28896
0.9016
3.4104
-0.50288
-0.99792
0.18368
-1.2656
-1.28128
-1.21856
-3.58736
2.34864
0.29792
-1.28576
-1.77632
-0.76272
-0.16016
0.28112
0.0672
-1.18944
-2.0664
3.3488
1.41792
0.79632
-0.53648
3.58848
0.23296
1.23984
0.47264
-2.24
-1.79088
-1.51088
-3.9088
-0.13776
0.00112
-0.50624
2.03504
1.94992
-0.0672
3.0912
0.85568
-0.30912
0.36288
0.18928
-1.4
-0.99232
0.49392
-0.19152
-1.67216
0.756
-0.94528
-0.41104
-1.85248
-0.55664
-0.2296
-0.22736
0.01792
1.05392
1.148
4.17424
2.04512
-4.32656
-0.88032
0.84112
-1.41008
-0.09408
-1.4168
-1.2656
-0.57904
0.08176
-0.21952
-0.75488
2.39568
3.21888
-1.06624
1.47056
-0.35056
0.40656
1.9768
0.532
-2.01264
-2.0272
1.42016
1.8424
0.26208
1.44256
1.06736
1.51648
1.9488
0.42336
0.33376
-0.72352
-0.93856
-0.65072
-0.76384
-0.23072
-1.288
-1.16256
4.51696
0.72464
-0.23744
